2                                                

-5.237348356744977e-18 -7.333054165841861e-18
-1.432113275785186e-17 -4.670958899521504e-19
2.423365606489295e-17 -8.402137487722707e-18
7.802434247868754e-18 -4.193281051430538e-19
1.284566693682768e-17 -5.677284424528524e-19
-1.414213562373095e+00 1.110223024625157e-16
-7.441358797729398e-18 -1.695427485371185e-18
2.034916462728168e-17 2.604558010725317e-18
1.414213562373095e+00 -2.220446049250313e-16
1.000000000000000e+00 0.000000000000000e+00
-9.999999999999999e-01 5.551115123125783e-17
1.000000000000000e+00 0.000000000000000e+00
-9.999999999999999e-01 -1.110223024625157e-16
5.000000000000000e-01 0.000000000000000e+00

-1.965148431817368e-18 -1.677172959824843e-18
-1.336983313193099e-18 4.799574739035006e-18
-2.134185022990798e-20 2.713937812088987e-17
-5.949728377260915e-19 1.384907263456622e-18
2.328092181373782e-19 -5.679847062896430e-18
1.414213562373095e+00 5.551115123125783e-17
-4.504604537924643e-18 -3.112195130528727e-18
1.227450566674062e-18 -5.618069299130993e-19
-1.414213562373095e+00 -5.551115123125783e-17
1.000000000000000e+00 0.000000000000000e+00
-9.999999999999997e-01 5.551115123125783e-17
-1.000000000000000e+00 1.665334536937735e-16
1.000000000000000e+00 0.000000000000000e+00
4.999999999999999e-01 -8.326672684688674e-17

