80                                               

-0.353893614256763058151e0 0.187017380190059338076e0
0.938472992855975141568e0 0.113515987151137185828e0
-0.364429221687547698398e0 0.221428080918438388426e0
-0.353893614256763004049e0 0.187017380190059303693e0
0.938472992855974998670e0 0.113515987151137218679e0
-0.364429221687547704714e0 0.221428080918438370347e0
-0.353893614256763051375e0 0.187017380190059335907e0
0.938472992855975157993e0 0.113515987151137193986e0
-0.364429221687547743149e0 0.221428080918438393535e0
0.100000000000000000000e1 0.000000000000000000000e0
-0.475723806171326400151e-19 0.124632675509374629407e-18
0.100000000000000000000e1 0.000000000000000000000e0
-0.788393060035640616903e-19 0.156502378139353934138e-18
0.151482716091907465955e-1 0.205828451993430967872e0

-0.110107619259800004952343751807e1 -0.181898069439094977627818996538e1
0.162007918513228350936830868125e1 -0.123625829883482075138289037706e1
0.200000000000001193235063163578e1 0.404390443848091746282109483536e-14
-0.110107619259802611254611751320e1 -0.181898069439098086503865433694e1
0.162007918513228538082183923320e1 -0.123625829883482354329282892869e1
0.199999999999999042534088440211e1 0.129980702111135183583752770870e-14
-0.110107619259802269549505977749e1 -0.181898069439097027258198953299e1
0.162007918513227612261403585763e1 -0.123625829883481428669310118235e1
0.200000000000000295132488839318e1 -0.824223894468404364630280779345e-14
0.100000000000000000000000000000e1 0.000000000000000000000000000000e0
-0.314243712680070763784016956727e-17 -0.611682366414223820864944444148e-18
0.100000000000000000000000000000e1 0.000000000000000000000000000000e0
-0.447833865711755796691859475913e-21 -0.297574789124543914331097942614e-21
0.317788952033562765491943831972e-19 -0.246654844135053047102319023658e-19

-0.110107619259799934170614618059e1 -0.181898069439096051410609251880e1
0.162007918513228453510930578390e1 -0.123625829883480163224046871497e1
0.199999999999997466105741196928e1 0.105824898774060523214635772680e-13
-0.110107619259799217152497084446e1 -0.181898069439096110434292032291e1
0.162007918513225912104150430814e1 -0.123625829883478310667881877725e1
0.199999999999999133040292787432e1 -0.149902433965495174469334028019e-13
-0.110107619259799214230831515235e1 -0.181898069439095659400552971988e1
0.162007918513227566605793234841e1 -0.123625829883479364878304243179e1
0.199999999999996208035836267199e1 -0.691235038786552572770599942940e-14
0.100000000000000000000000000000e1 0.000000000000000000000000000000e0
-0.502055946703322196504784037272e-19 -0.109396022839562449381420562678e-17
0.100000000000000000000000000000e1 0.000000000000000000000000000000e0
-0.456930788199878852945801988798e-21 -0.312817104174276426344646733229e-21
0.173804441164428832850936973348e-19 -0.223148312074996943302526822465e-19

-0.110107619259800636491819843262e1 -0.181898069439094662638114146185e1
0.162007918513225567304737919427e1 -0.123625829883479848800408854617e1
0.199999999999996423246383902517e1 -0.331952216289100754064909023203e-14
-0.110107619259799895941921973853e1 -0.181898069439095052809872907845e1
0.162007918513226152050965784270e1 -0.123625829883480164761339384523e1
0.199999999999998468677149863180e1 -0.177034710128834644233319282407e-13
-0.110107619259798924606150026736e1 -0.181898069439094200894183360417e1
0.162007918513224204876241524085e1 -0.123625829883478461232659636984e1
0.199999999999999254818059600119e1 -0.958137631065964723962853681465e-14
0.100000000000000000000000000000e1 0.000000000000000000000000000000e0
0.633834184278817940875306914746e-18 -0.103492738031629380653235448757e-17
0.100000000000000000000000000000e1 0.000000000000000000000000000000e0
-0.460304334454080998413874099208e-21 -0.293389229947553015258559895362e-21
-0.156530752570646213707318363590e-19 -0.173980893745329412321254297366e-19

0.648234122048655631492954140589e-26 -0.454309848149021469172716090144e-25
0.423028846123914731964675840957e-25 0.140780925368829853239400971631e-25
-0.621449361964340404412912867411e-26 -0.533146537335189620304798777813e-26
-0.116894900515695011094712592476e1 -0.751971807002984850517756623807e0
-0.992038926509815087817726212330e0 0.886070770221451028667764350203e0
-0.169113990747273878765538037448e-25 0.454902920758858101550356618120e-25
0.116894900515695018666372839647e1 0.751971807002984882552439947948e0
0.992038926509815050511609897214e0 -0.886070770221451025044397713039e0
0.109296006819245124785002775066e-26 -0.137568313763845685056365940255e-26
0.100000000000000000000000000000e1 0.000000000000000000000000000000e0
-0.500000000000000025319216487936e0 -0.362198807004592261506855276592e-16
0.100000000000000000000000000000e1 0.000000000000000000000000000000e0
-0.500000000000000006728276330137e0 0.693189672604575532009973477040e-17
0.499999999999999954360112050144e0 0.196187156059141472256852031581e-16

-0.201880047925553516435141682316e-27 0.176098977847516552599923716091e-27
-0.117501167166216341904073756142e-26 -0.335392575793826683229758522016e-27
-0.130193301346396173622440843128e-26 0.549227872249199571836579107527e-27
0.671043205504187558404237271874e0 0.367293150713746498476115097762e0
0.874131751757138658166534767269e0 -0.281959295860427846473499874975e0
-0.549834448844101908303856272158e-27 0.434712010760669272434224146521e-27
-0.671043205504187483112118958920e0 -0.367293150713746495583165652383e0
-0.874131751757138536147444081751e0 0.281959295860427795129681508247e0
0.478868871464201975604880028136e-27 -0.526188553050756681705344579273e-26
0.100000000000000000000000000000e1 0.000000000000000000000000000000e0
-0.499999999999999993644917446125e0 -0.709275071807107238276014483648e-16
0.100000000000000000000000000000e1 0.000000000000000000000000000000e0
-0.499999999999999972372611099943e0 0.135768367581803429686871604349e-16
0.499999999999999962920779860317e0 -0.295642286215906605463545402459e-16

-0.393244310925221602613870436626e-2 0.129214923343986165851074505448e1
0.818335342622387844272941978592e0 0.620931674889799362833765077201e-2
0.199999999999999638141022957548e1 0.219439006277272275919174298305e-14
-0.393244310925487215626568304083e-2 0.129214923343984791329567034884e1
0.818335342622391246150191995105e0 0.620931674888451487963678067322e-2
0.199999999999997145834521236132e1 -0.189205884937731622673477549676e-14
-0.393244310923685705777066560870e-2 0.129214923343985345607214461171e1
0.818335342622376169610116057308e0 0.620931674888871856401788146206e-2
0.200000000000002329945345628038e1 -0.138134815706389863015465968269e-13
0.100000000000000000000000000000e1 0.000000000000000000000000000000e0
0.984241017399460766092791557749e-17 -0.125231742349991472204086474466e-16
0.100000000000000000000000000000e1 0.000000000000000000000000000000e0
0.245713822849714716345967998386e-19 -0.387016562504670877255003106238e-18
0.691890121382731922038702954092e-18 0.131000626244265029908898576549e-17

-0.393244310924780037595355188749e-2 0.129214923343985794179491002138e1
0.818335342622388514690305992303e0 0.620931674889695808289991211273e-2
0.200000000000000831745915814631e1 -0.418820741397684182736474097402e-14
-0.393244310925046243101942828653e-2 0.129214923343985626404793358516e1
0.818335342622393764183293773364e0 0.620931674889562228881141472037e-2
0.200000000000000915108184807015e1 0.278388666526545659549390968235e-14
-0.393244310925702392062688465909e-2 0.129214923343986573338588917231e1
0.818335342622381181453998852297e0 0.620931674889824491185521111688e-2
0.199999999999999230937311626261e1 -0.122179786011347748791058697678e-14
0.100000000000000000000000000000e1 0.000000000000000000000000000000e0
0.674817038659998984585325640035e-17 -0.582542617758891927780799068898e-19
0.100000000000000000000000000000e1 0.000000000000000000000000000000e0
0.288989952368853119976617887881e-19 -0.388486329929813590519469510490e-18
0.594276644721823457241099567764e-18 0.974713855162055338922076503742e-19

-0.393244310924784189433677835406e-2 0.129214923343987557510644584985e1
0.818335342622372232688279249615e0 0.620931674890490706426071731942e-2
0.199999999999998314136389287111e1 0.175615194855289437944848824825e-13
-0.393244310923779264356073372354e-2 0.129214923343985870648571904117e1
0.818335342622392149280175193409e0 0.620931674888699940511823815231e-2
0.199999999999999535322927815769e1 0.104968083287288024929808071502e-13
-0.393244310925249538101204740495e-2 0.129214923343985457578750687823e1
0.818335342622383142694097087899e0 0.620931674890198262251721478298e-2
0.199999999999998227704839645771e1 -0.188457655210872477119287068881e-14
0.100000000000000000000000000000e1 0.000000000000000000000000000000e0
0.640077417612443160771931163189e-18 0.131536264888117472700424363542e-18
0.100000000000000000000000000000e1 0.000000000000000000000000000000e0
-0.225907161098815642112997605646e-21 -0.147379394177831820633668085084e-20
0.844204778118033110518667464239e-18 0.251121106407603578756259368626e-18

-0.174620123365985450633257257074e0 -0.766750006517866375106113192260e0
-0.193265953954440973345862967408e0 0.692775825175135274151930529124e0
0.200000000000001556710349932119e1 0.201482698497754289951755504543e-13
-0.174620123365993027787751718730e0 -0.766750006517888651315416668743e0
-0.193265953954426215600494134033e0 0.692775825175127410822305113404e0
0.199999999999995798169221362034e1 0.170753423287530434963367433726e-13
-0.174620123365993602620384746410e0 -0.766750006517872747110817181218e0
-0.193265953954422211183470561195e0 0.692775825175141576910363085910e0
0.199999999999999010053037160181e1 0.363546672542129038166819741023e-13
0.100000000000000000000000000000e1 0.000000000000000000000000000000e0
0.225519596342461292760386025095e-18 -0.502681216679845657135816299306e-18
0.100000000000000000000000000000e1 0.000000000000000000000000000000e0
-0.951445770540304466108632207750e-17 -0.891885074995523833748968024963e-17
0.100000000000001584818545602963e1 0.347263965292844694776180550897e-14

-0.174620123365993885900918484652e0 -0.766750006517874861307955029068e0
-0.193265953954437376032939894634e0 0.692775825175139920487132931983e0
0.199999999999998596160225392526e1 0.111403484938857986031606384413e-13
-0.174620123365992791075086600699e0 -0.766750006517875800235001762316e0
-0.193265953954416304432976125550e0 0.692775825175136123765412510293e0
0.199999999999997883380775316570e1 0.131460838958544169350952841662e-13
-0.174620123366012992061840845722e0 -0.766750006517876852008853421252e0
-0.193265953954421434356428713638e0 0.692775825175136035367755333275e0
0.200000000000000955816916724645e1 0.482639975291853581184560346689e-14
0.100000000000000000000000000000e1 0.000000000000000000000000000000e0
0.227189713064310517084343027348e-18 -0.509436874514087984198581590884e-18
0.100000000000000000000000000000e1 0.000000000000000000000000000000e0
-0.325410559559749694375101016076e-17 -0.235198991818273496083568041835e-17
0.999999999999996395855069912946e0 0.586923188129162777226425199396e-14

-0.174620123365992827490071602093e0 -0.766750006517873036439329197471e0
-0.193265953954420352637295091260e0 0.692775825175145607043829745633e0
0.199999999999996926341743633402e1 0.656651395679884697701405319925e-14
-0.174620123365993793970392907384e0 -0.766750006517869709098989440435e0
-0.193265953954427892806684023673e0 0.692775825175138669874032081527e0
0.199999999999999057726127039924e1 0.384892441609665808867854586397e-14
-0.174620123366010837333160865151e0 -0.766750006517868155110053005914e0
-0.193265953954418138849704620462e0 0.692775825175151009988166360439e0
0.200000000000000594178690780517e1 -0.336198529547582915053472512876e-13
0.100000000000000000000000000000e1 0.000000000000000000000000000000e0
0.229652473692320824713311743165e-18 -0.505282327965324913421301697985e-18
0.100000000000000000000000000000e1 0.000000000000000000000000000000e0
0.188297235156987469634995057963e-17 0.116505851360433164885588519505e-16
0.999999999999985963932329106600e0 -0.254113847575376171206677479958e-14

6.816812208964745e-01 -4.041123880249825e-01
4.692574562799062e-01 1.475293201898540e-01
-1.071685078984905e+00 -3.849014912564071e-01
6.816812208964745e-01 -4.041123880249824e-01
4.692574562799062e-01 1.475293201898540e-01
-1.071685078984905e+00 -3.849014912564069e-01
6.816812208964744e-01 -4.041123880249824e-01
4.692574562799062e-01 1.475293201898540e-01
-1.071685078984905e+00 -3.849014912564069e-01
1.000000000000000e+00 0.000000000000000e+00
2.183154836495675e-17 1.383354736240279e-17
1.000000000000000e+00 0.000000000000000e+00
4.404997355486400e-17 6.867365756592116e-17
9.636520882348723e-01 1.710058151060105e-01

-0.352165958321477517444498429018e1 -0.108542600518737416302180665353e1
0.104732621009859103932003728790e1 -0.364977106099425435323928453039e1
0.199999999999983421530172477011e1 -0.277618957233786760757573107842e-12
-0.352165958321473464436636023711e1 -0.108542600518732862383451708470e1
0.104732621009852221691060479414e1 -0.364977106099414398275635713726e1
0.199999999999981165451284950247e1 -0.301606586267135891647736206887e-12
-0.352165958321521469694093747368e1 -0.108542600518900332341450326666e1
0.104732621010023054126289953894e1 -0.364977106099460572723495075388e1
0.200000000000007425497409556096e1 0.933986213160243118698689883594e-13
0.100000000000000000000000000000e1 0.000000000000000000000000000000e0
0.795954587921577832949784319654e-14 0.569819612248192969261081609291e-14
0.100000000000000000000000000000e1 0.000000000000000000000000000000e0
-0.126334072814530138697140649608e-12 -0.205482472887969598943369474796e-12
0.100000000000005860153426451817e1 0.888223032372522230436393447232e-12

-0.352165958321329585396635170772e1 -0.108542600518741084392565789985e1
0.104732621009857089556532331628e1 -0.364977106099264998833774073803e1
0.199999999999978857219446650900e1 -0.222819524773579181218504681550e-12
-0.352165958321323729324505854818e1 -0.108542600518736657100481293586e1
0.104732621009854496550348693613e1 -0.364977106099270927494993898746e1
0.199999999999974377240806183042e1 -0.235160640757348578310434360684e-12
-0.352165958321394816308121260757e1 -0.108542600518877475521694218562e1
0.104732621009998467775366889788e1 -0.364977106099348709438898872451e1
0.200000000000014426992750544345e1 0.716285404533290522500871425529e-13
0.100000000000000000000000000000e1 0.000000000000000000000000000000e0
0.860085816513287252022404276508e-14 0.336586660559524055277224701486e-14
0.100000000000000000000000000000e1 0.000000000000000000000000000000e0
-0.164532439807783429057167067283e-12 -0.157245544850593389657710483503e-12
0.100000000000027479993328843555e1 0.797392769272094841836726179746e-12

-0.352165958321402364204654225518e1 -0.108542600518852855423766895431e1
0.104732621009967730521173950594e1 -0.364977106099346040107145921254e1
0.199999999999989253943210057754e1 -0.205161797258113538384940442126e-12
-0.352165958321398663528922230119e1 -0.108542600518848065191646944918e1
0.104732621009963887613565865551e1 -0.364977106099341263943557171044e1
0.199999999999982255951316998736e1 -0.228490250945276623368401350047e-12
-0.352165958321433118645844826033e1 -0.108542600518973571365033510873e1
0.104732621010092522963783341827e1 -0.364977106099380377699825560297e1
0.200000000000005250045238423501e1 0.569095999929127253631250943375e-13
0.100000000000000000000000000000e1 0.000000000000000000000000000000e0
0.660940710246808938289374165994e-14 0.399788390359159979804710659027e-14
0.100000000000000000000000000000e1 0.000000000000000000000000000000e0
-0.111809494114274520197883964995e-12 -0.152369973257822874644684289404e-12
0.100000000000010199392552503381e1 0.694488281446191740199595763937e-12

-1.020008446791672e+00 -8.428202387394057e-03
6.882007581785407e-03 1.629986379684785e-01
1.001366940768377e-01 -1.941065775803223e-01
-1.020008446791672e+00 -8.428202387394057e-03
6.882007581785365e-03 1.629986379684785e-01
1.001366940768376e-01 -1.941065775803223e-01
-1.020008446791672e+00 -8.428202387394057e-03
6.882007581785379e-03 1.629986379684785e-01
1.001366940768376e-01 -1.941065775803223e-01
1.000000000000000e+00 0.000000000000000e+00
2.415369861742124e-17 3.742198955113670e-17
1.000000000000000e+00 0.000000000000000e+00
2.430453211010258e-17 2.412337219010931e-17
-2.743647267231016e-01 -3.220910130885838e-02

-0.287788082847179602819661869971e0 0.625634825101485761379975933816e0
0.209946261726165173828748634520e0 0.857601585272475688561379051622e0
-0.199999999999998524305810257447e1 0.121703990976845174040539608180e-14
-0.287788082847182183656514973930e0 0.625634825101494420614063882098e0
0.209946261726163373680136119550e0 0.857601585272478965711291737375e0
-0.200000000000000781210451932737e1 0.113884477834015314459818913960e-14
-0.287788082847179245404605740148e0 0.625634825101495314157494164508e0
0.209946261726164875291112820208e0 0.857601585272468234540323978834e0
-0.199999999999996650752499172768e1 -0.246845754717093606975704286353e-15
0.100000000000000000000000000000e1 0.000000000000000000000000000000e0
-0.113947029461533728818389505402e-18 -0.120675774454031394749769572001e-17
0.100000000000000000000000000000e1 0.000000000000000000000000000000e0
0.966405013037131982779837591893e-17 -0.110553569993897240524955119465e-16
0.100000000000000271645174864233e1 -0.785279712598389557174639800144e-16

-0.287788082847170751737394774187e0 0.625634825101500036251026401273e0
0.209946261726164235231026593865e0 0.857601585272468489529732182498e0
-0.199999999999998449762938550921e1 0.574412005605664756320154943379e-15
-0.287788082847182218215899214326e0 0.625634825101487008853329052950e0
0.209946261726165720140565179230e0 0.857601585272478705758988252576e0
-0.200000000000000419642408652525e1 0.199511514702812909493890751749e-15
-0.287788082847175641995136695965e0 0.625634825101482742987603037567e0
0.209946261726163219200739515975e0 0.857601585272485513673365383090e0
-0.199999999999999833330819485541e1 0.772124513702766743735761678438e-15
0.100000000000000000000000000000e1 0.000000000000000000000000000000e0
-0.104219004713684805366604823561e-18 -0.119369342041867029778241099365e-17
0.100000000000000000000000000000e1 0.000000000000000000000000000000e0
0.791072327421175543601243210314e-17 -0.103109644760888766172828258708e-16
0.100000000000001196169232019983e1 0.727182855314937011943833895777e-14

-0.287788082847173591315940058230e0 0.625634825101496847107497783429e0
0.209946261726167100180336868598e0 0.857601585272481445134238069668e0
-0.199999999999997711585839432993e1 -0.726810784889233996783799121784e-15
-0.287788082847177167716340775734e0 0.625634825101492061779875104808e0
0.209946261726161591056065409592e0 0.857601585272473847181537020729e0
-0.199999999999996373193219550220e1 -0.958212499049618037363959269490e-15
-0.287788082847184274957994218283e0 0.625634825101489903663559079785e0
0.209946261726165343638264161104e0 0.857601585272461106519742756689e0
-0.199999999999998790191567549596e1 -0.505639349426154362966645864706e-15
0.100000000000000000000000000000e1 0.000000000000000000000000000000e0
-0.101162091191686261161729609850e-18 -0.120663589039028430204842220678e-17
0.100000000000000000000000000000e1 0.000000000000000000000000000000e0
-0.548383295640030720124215716760e-17 -0.620620954640396246538082991702e-17
0.999999999999986805235079296501e0 -0.205743346300371253097610116885e-13

0.266651339362463350797e-1 -0.994359871185519575431e0
-0.145605388022505767182e0 -0.182099986176116328466e0
-0.200000000000009744115e1 -0.290219982919913410679e-13
0.266651339363120693833e-1 -0.994359871185518765261e0
-0.145605388022496855894e0 -0.182099986176115459681e0
-0.200000000000005685838e1 -0.842171588000782678218e-13
0.266651339363560108641e-1 -0.994359871185270824000e0
-0.145605388022809810323e0 -0.182099986176198371088e0
-0.199999999999980921197e1 -0.380446542325163505893e-13
0.100000000000000000000e1 0.000000000000000000000e0
-0.145055852357287777817e-13 -0.160964616328603889306e-13
0.100000000000000000000e1 0.000000000000000000000e0
-0.414363975020053863678e-12 0.448837297593089604266e-12
0.999999999999829088972e0 0.167083415245766753188e-13

0.266651339337366531140936355021e-1 -0.994359871180701929317649183843e0
-0.145605388001443722763243361237e0 -0.182099986183904686004525231700e0
-0.199999999999997509858415552780e1 -0.100815516480340193908408940982e-14
0.266651339337351427150078722827e-1 -0.994359871180721052785108374309e0
-0.145605388001443771674443477134e0 -0.182099986183906359617307190975e0
-0.199999999999992786708782378105e1 -0.421351160453204910587999313644e-14
0.266651339337354469773480680617e-1 -0.994359871180733318457177670480e0
-0.145605388001442459844763810322e0 -0.182099986183906743669722137466e0
-0.199999999999997915326552203953e1 -0.149328002761634601287621440437e-14
0.100000000000000000000000000000e1 0.000000000000000000000000000000e0
-0.139062886847454767278227152533e-19 -0.174039112864828454414130951883e-19
0.100000000000000000000000000000e1 0.000000000000000000000000000000e0
0.577769548288994305875089279554e-18 0.898125002284926245196530615494e-18
0.999999999999982214646820110062e0 -0.174519105992099028620097311215e-13

0.266651339337337352384556558632e-1 -0.994359871180757400652179553699e0
-0.145605388001448528952892514758e0 -0.182099986183911282995070636928e0
-0.200000000000002530824920772432e1 0.178750137383245953678062632051e-14
0.266651339337337532443339091189e-1 -0.994359871180766034061362668669e0
-0.145605388001448145216716665189e0 -0.182099986183909998922744019905e0
-0.200000000000001779586998456113e1 0.113861871428285817267492917181e-14
0.266651339337356375724527296274e-1 -0.994359871180756449162220669967e0
-0.145605388001447805961394992930e0 -0.182099986183912338177468693955e0
-0.200000000000003025290284714426e1 0.186980032984423987950726398248e-14
0.100000000000000000000000000000e1 0.000000000000000000000000000000e0
-0.932838332895560883916868963801e-21 -0.128453534464908612601405143898e-20
0.100000000000000000000000000000e1 0.000000000000000000000000000000e0
0.622237107449086236044081675542e-18 0.336503796689570854368608213724e-18
0.999999999999995023224271800452e0 -0.543741474084044774483491984612e-14

0.588079897715000625689550955407e0 -0.281101777275280273416971214940e-1
-0.142527371547910933046664756935e-1 -0.115984952667190726006894147040e1
0.200000000000000985105617821059e1 -0.159750231207401393051503956530e-13
0.588079897715001730532519172411e0 -0.281101777275226335952969014172e-1
-0.142527371547869894199520772900e-1 -0.115984952667189882017841474522e1
0.200000000000001017666788979069e1 -0.298597847581999639299785300404e-14
0.588079897715000173640004372324e0 -0.281101777275329460591913274558e-1
-0.142527371548003076432426957285e-1 -0.115984952667190379294994378237e1
0.200000000000003887784749024628e1 -0.185433429413888337517756947280e-13
0.100000000000000000000000000000e1 0.000000000000000000000000000000e0
0.105502312092017625118769892481e-17 -0.372722769092430342993526499903e-17
0.100000000000000000000000000000e1 0.000000000000000000000000000000e0
-0.197677756893255421165282333232e-21 -0.459216836712381529905619400652e-21
0.153701089922536192062814149117e-18 -0.158904668914879439801226909918e-18

0.588079897714992891340610491205e0 -0.281101777275275859116187844596e-1
-0.142527371547768434214962362240e-1 -0.115984952667187612514252871184e1
0.199999999999999220332318097856e1 -0.165139094351647499186618055796e-13
0.588079897714991267323211767393e0 -0.281101777275326080889841231037e-1
-0.142527371547738393135069476375e-1 -0.115984952667187221766577398475e1
0.199999999999999642739894239830e1 0.263618773377232784119550864338e-13
0.588079897714992671786784241982e0 -0.281101777275265763243872743648e-1
-0.142527371547775740896064102609e-1 -0.115984952667187781130375037079e1
0.199999999999998671915089980120e1 -0.706722222206945360339267594154e-14
0.100000000000000000000000000000e1 0.000000000000000000000000000000e0
-0.526699969992279645925267826372e-17 0.112753383243743547468858411066e-16
0.100000000000000000000000000000e1 0.000000000000000000000000000000e0
-0.573078333401334948691374521663e-19 -0.125035192334509034932593998142e-18
0.247987713687207072068302371953e-18 -0.200152517357426750968762047035e-18

0.588079897714991349555891553018e0 -0.281101777275280893415541268311e-1
-0.142527371547902076179556282437e-1 -0.115984952667189482982867470686e1
0.199999999999999410591615407634e1 -0.229657520511099542369588994804e-13
0.588079897714985033271046873573e0 -0.281101777275337599869436002838e-1
-0.142527371547955936390593856479e-1 -0.115984952667188732073419467383e1
0.199999999999997430887558824029e1 -0.234162984914173291994147825884e-13
0.588079897714996290507966919522e0 -0.281101777275308444580882188289e-1
-0.142527371547903429048790955805e-1 -0.115984952667188305124739722778e1
0.200000000000001157199080866510e1 -0.149876691661915651176826692828e-13
0.100000000000000000000000000000e1 0.000000000000000000000000000000e0
-0.104294551092080260181348074698e-17 0.193663949337940066491164007849e-17
0.100000000000000000000000000000e1 0.000000000000000000000000000000e0
-0.361723399276471159360442537032e-20 -0.755337669393283474416989366023e-20
0.265761468808833067782136282892e-18 0.224854656763704562296935883959e-18

-0.987789601354991008637543585625e0 0.382997063399534345403741175656e0
0.274159346123557934926251461713e0 0.137992930726153091828177745192e1
-0.199999999999999042540570167028e1 -0.152404148858461229238103094511e-14
-0.987789601354980917828876241431e0 0.382997063399532888157572961496e0
0.274159346123549767737351574177e0 0.137992930726149070405027587104e1
-0.199999999999999731978679207537e1 -0.114694105808249870174150180877e-13
-0.987789601354988455949390642603e0 0.382997063399533252492694351891e0
0.274159346123559556075322500530e0 0.137992930726153842031305250352e1
-0.199999999999996395645151536098e1 -0.779082253720779624540550678841e-14
0.100000000000000000000000000000e1 0.000000000000000000000000000000e0
0.198896494186728673939488389462e-17 0.314865474753204938830132118444e-17
0.100000000000000000000000000000e1 0.000000000000000000000000000000e0
-0.879425697567544151838684034719e-19 -0.336473522063869113138311282380e-18
-0.411901509009794525380911872791e-18 -0.880502437619633777881107351490e-19

-0.987789601354970317980268704683e0 0.382997063399537049054954962512e0
0.274159346123564544436139636947e0 0.137992930726153815588510298057e1
-0.200000000000001163559029279597e1 0.942596524234584324277579422297e-14
-0.987789601354989809262046339268e0 0.382997063399538926820936145048e0
0.274159346123563239245789596242e0 0.137992930726153212126624729619e1
-0.200000000000002378476014267283e1 0.410889062818693285919123412395e-14
-0.987789601354986320801817135133e0 0.382997063399537074084212478568e0
0.274159346123561046797699830811e0 0.137992930726152072491585861506e1
-0.200000000000000240934402518741e1 -0.541896750738663815491355896313e-14
0.100000000000000000000000000000e1 0.000000000000000000000000000000e0
0.133101649936555928552080998716e-17 0.206108372291770614569054196879e-19
0.100000000000000000000000000000e1 0.000000000000000000000000000000e0
-0.563340605446232750127735933879e-20 -0.208715403097275111442079949436e-19
0.158800191097867824173617605052e-18 -0.552937516585217859984314972106e-19

-0.987789601354987027019378363305e0 0.382997063399536988407252193103e0
0.274159346123559734745576936840e0 0.137992930726151829525589852763e1
-0.200000000000000522605857657362e1 0.598156871680266325101942536548e-14
-0.987789601354983189085471454352e0 0.382997063399536515748819997489e0
0.274159346123564251043353214449e0 0.137992930726154103532249030721e1
-0.199999999999999631054695717419e1 -0.655693933206418997521304138910e-14
-0.987789601354993490673222165567e0 0.382997063399540257484874406382e0
0.274159346123563271983463390520e0 0.137992930726153543436098571417e1
-0.199999999999998521303614485039e1 0.468587613894313251089955417981e-16
0.100000000000000000000000000000e1 0.000000000000000000000000000000e0
0.770052950961961536083824358138e-17 0.889148761457168503851040602368e-17
0.100000000000000000000000000000e1 0.000000000000000000000000000000e0
-0.861098016069171961561449658794e-19 -0.331017781084608785807243444237e-18
-0.463525667186697138019764819995e-18 -0.480721011438363855735759476890e-18

-1.281572353571736e-19 2.092048195534692e-18
-1.030553368125817e-17 -7.995570552924207e-18
-1.558786016610053e-17 -1.370992638353455e-17
7.102510227649981e-01 -1.744437466474109e-01
-7.441091633802983e-01 -1.665062810252746e-01
-5.814818440908963e-17 1.361458186510111e-17
-7.102510227649984e-01 1.744437466474110e-01
7.441091633802983e-01 1.665062810252746e-01
-8.776886977301606e-18 -6.282183812399672e-17
1.000000000000000e+00 0.000000000000000e+00
-4.999999999999999e-01 -8.326672684688674e-17
1.000000000000000e+00 0.000000000000000e+00
-5.000000000000000e-01 -5.551115123125783e-17
5.000000000000000e-01 2.775557561562891e-17

-1.596457825509335e+00 5.458216685252392e-01
-6.622412402003381e-01 -5.656178010487908e-01
5.678901409309943e-01 1.749654745508636e+00
-1.596457825509335e+00 5.458216685252394e-01
-6.622412402003381e-01 -5.656178010487909e-01
5.678901409309948e-01 1.749654745508636e+00
-1.596457825509335e+00 5.458216685252387e-01
-6.622412402003384e-01 -5.656178010487903e-01
5.678901409309937e-01 1.749654745508635e+00
1.000000000000000e+00 0.000000000000000e+00
1.856315193989716e-17 -3.988859285081616e-17
1.000000000000000e+00 0.000000000000000e+00
6.905470846497221e-17 7.927438030744762e-17
8.155174781020584e-01 3.783487935305693e-01

-0.181602203342217545212659616097e-1 -0.106170847208678347567830997041e1
-0.360222157090524379488741282908e0 0.535249134576799860291616713020e-1
-0.200000000000000581138604191509e1 0.400313516225760541414766722154e-14
-0.181602203342227488588385402074e-1 -0.106170847208678573627112525367e1
-0.360222157090526438160173000486e0 0.535249134576806778841430979178e-1
-0.199999999999998657902091124839e1 -0.112939410428854059590578127514e-14
-0.181602203342263827258530766772e-1 -0.106170847208679854439047769500e1
-0.360222157090527469296783550169e0 0.535249134576805389383273923050e-1
-0.199999999999997953310153115813e1 -0.237589958939229300147590674635e-14
0.100000000000000000000000000000e1 0.000000000000000000000000000000e0
-0.105418938847367788846119592016e-17 0.239893873487331638831849071900e-17
0.100000000000000000000000000000e1 0.000000000000000000000000000000e0
-0.163420687850791144011319950190e-20 -0.114727895700169474837587105231e-19
0.285197911185602825817924834517e-18 0.912757495834789183431671755385e-18

-0.181602203342247432469072061647e-1 -0.106170847208678792647583900424e1
-0.360222157090524337523670865581e0 0.535249134576804423414793880507e-1
-0.200000000000002174744367719081e1 0.437205225771633376729288902312e-14
-0.181602203342215843655924670573e-1 -0.106170847208678560923814393842e1
-0.360222157090526164272800864187e0 0.535249134576808861797997554816e-1
-0.200000000000001858293268544643e1 0.896163411931357395209423487298e-14
-0.181602203342331244746050861716e-1 -0.106170847208682677043786927864e1
-0.360222157090523010607537960828e0 0.535249134576800903444941278607e-1
-0.200000000000002550419156765252e1 0.706561618862456472316961658875e-14
0.100000000000000000000000000000e1 0.000000000000000000000000000000e0
0.184192025016325976629707633152e-17 -0.212680467217818658837839763971e-17
0.100000000000000000000000000000e1 0.000000000000000000000000000000e0
-0.207978905579091535419980804501e-20 -0.112512150856793758668853028704e-19
0.201214670539794905432284762634e-17 -0.194737498508948486201419538218e-18

-0.181602203342252918111217160727e-1 -0.106170847208679467640439059904e1
-0.360222157090514616932203308446e0 0.535249134576754808965810687461e-1
-0.199999999999996173313154412662e1 -0.781948658990446993483425647884e-14
-0.181602203342158198308952713381e-1 -0.106170847208676396052807766602e1
-0.360222157090522799082703636206e0 0.535249134576777829761554484938e-1
-0.199999999999996296236857234029e1 -0.131438684672473935375952471883e-13
-0.181602203342154285557125111773e-1 -0.106170847208676550220107297716e1
-0.360222157090518170270344803776e0 0.535249134576768129291423368558e-1
-0.199999999999998572182468518833e1 -0.539942331759002113658060497379e-14
0.100000000000000000000000000000e1 0.000000000000000000000000000000e0
-0.643231537303591555035532659491e-18 -0.746127624662145926193669238173e-18
0.100000000000000000000000000000e1 0.000000000000000000000000000000e0
-0.262035232766948166884736289674e-19 -0.187302536787541826493932443778e-18
-0.841150041784304136898537072551e-18 0.161977392924706420519944902911e-17

0.312553420569948646852676950566e0 -0.144511836165826676388639680765e1
0.107967174256162688880579986143e1 0.418346307733392222666829199606e0
-0.200000000000000241649675878486e1 -0.430110365347697676898639582026e-15
0.312553420569949123893106315987e0 -0.144511836165826827688718662585e1
0.107967174256162538566903281313e1 0.418346307733390661680958789705e0
-0.200000000000000727929772333616e1 -0.760285059881273117226790946256e-14
0.312553420569952505291440810626e0 -0.144511836165826887221799207046e1
0.107967174256162663158295369411e1 0.418346307733390737641128917619e0
-0.200000000000000405786120115217e1 -0.678652651766467125454907423703e-14
0.100000000000000000000000000000e1 0.000000000000000000000000000000e0
-0.809128722042886980145506910994e-22 0.156595060802778633501119407025e-21
0.100000000000000000000000000000e1 0.000000000000000000000000000000e0
-0.323021778323055042049494196379e-20 -0.172925193692514206918506936968e-20
0.930875466452493266589491391297e0 0.298437595729673759092037665553e0

0.312553420569949408286909470457e0 -0.144511836165826188138220330055e1
0.107967174256162445648450659402e1 0.418346307733387858465189547367e0
-0.199999999999999653412441467402e1 -0.109493817751834686550781163667e-14
0.312553420569946506495655867511e0 -0.144511836165826140228430383590e1
0.107967174256162220575880648536e1 0.418346307733386919265399353508e0
-0.199999999999999734104145188156e1 0.471513257259236268651601204962e-14
0.312553420569946699977631514872e0 -0.144511836165826463213993682608e1
0.107967174256162404609838479199e1 0.418346307733386102589141101632e0
-0.199999999999999634336533359152e1 -0.659088475865744576320783345457e-15
0.100000000000000000000000000000e1 0.000000000000000000000000000000e0
0.101316302232124182580332930808e-21 -0.546845785889635717645522398608e-22
0.100000000000000000000000000000e1 0.000000000000000000000000000000e0
-0.304413554400030898863386647275e-21 0.997595926380879994976519220020e-21
0.930875466452496921763000683910e0 0.298437595729676441880147177734e0

-0.177672452368017813639458939677e1 -0.354920251811336231039903878939e1
-0.343624609682514591842778150082e1 0.183512908439989912811280529425e1
0.199999999999999909756844563412e1 0.596937067601815050874460746156e-15
-0.177672452368016930429828847418e1 -0.354920251811336728089020204528e1
-0.343624609682515078439565718459e1 0.183512908439989303085621637701e1
0.199999999999999806413967213143e1 -0.185145323302466147748255342388e-14
-0.177672452368017686969510276797e1 -0.354920251811336409748235185889e1
-0.343624609682515379626841702392e1 0.183512908439989153416639710469e1
0.199999999999999901557773409146e1 0.728178843602525947088286042940e-16
0.100000000000000000000000000000e1 0.000000000000000000000000000000e0
-0.737858426576573581216205364109e-20 0.408664890040843860709416816202e-20
0.100000000000000000000000000000e1 0.000000000000000000000000000000e0
-0.703063875545128600303212298622e-20 0.118178558591699083447728524489e-20
0.565005861165617139013681486541e0 0.563285961209381002984908535118e0

-0.177672452368017849487403580494e1 -0.354920251811335706288578479449e1
-0.343624609682515520914957424796e1 0.183512908439989521363480066274e1
0.199999999999999663326922008383e1 -0.250823388778347226039843242011e-14
-0.177672452368016860199568541934e1 -0.354920251811335461142204739663e1
-0.343624609682515077007856302278e1 0.183512908439988905149770001183e1
0.199999999999999824626823628292e1 -0.232749588033680338118775711682e-14
-0.177672452368017185799314514530e1 -0.354920251811336000632696305367e1
-0.343624609682515499524070160413e1 0.183512908439989306088683664767e1
0.199999999999999928906201345519e1 -0.239986670366669795174654872458e-14
0.100000000000000000000000000000e1 0.000000000000000000000000000000e0
0.329736511389802038401726485220e-20 0.105005266694271200878218364917e-19
0.100000000000000000000000000000e1 0.000000000000000000000000000000e0
0.806989450734630912533668610091e-20 0.337669456578408821003411857485e-20
0.565005861165615318440088450924e0 0.563285961209380100948616942933e0

1.163246338753663e-01 -8.216615299144093e-01
1.454831685358459e+00 1.282654610227315e-01
-1.904993063210068e-01 9.556484163026728e-01
1.163246338753666e-01 -8.216615299144097e-01
1.454831685358459e+00 1.282654610227323e-01
-1.904993063210070e-01 9.556484163026733e-01
1.163246338753665e-01 -8.216615299144099e-01
1.454831685358460e+00 1.282654610227322e-01
-1.904993063210071e-01 9.556484163026734e-01
1.000000000000000e+00 0.000000000000000e+00
-1.220769989982899e-16 -1.773187948961476e-16
1.000000000000000e+00 0.000000000000000e+00
-1.021967939070365e-16 -2.499753263746998e-16
1.195929612467225e+00 -4.255950035410496e-01

-0.249194836512328652850214304079e0 0.109839294436543611727049438565e1
0.596034145057947637354461344532e0 0.459225117330872367704888747710e0
0.199999999999996783478612714485e1 0.932686223120283760772122105015e-14
-0.249194836512334975309660784878e0 0.109839294436544159538741235216e1
0.596034145057940957693989558063e0 0.459225117330867750612881744951e0
0.199999999999999108213387456877e1 0.467474445635885303929583417860e-14
-0.249194836512336167372948598053e0 0.109839294436543955750864298963e1
0.596034145057949407913661602119e0 0.459225117330875558735406943984e0
0.200000000000000079108475541434e1 0.485859396236552091550607195995e-14
0.100000000000000000000000000000e1 0.000000000000000000000000000000e0
0.672879599271069535517348457083e-20 -0.750600146494924134921532853808e-20
0.100000000000000000000000000000e1 0.000000000000000000000000000000e0
0.283662049756857116556881880166e-17 -0.963053396488842212639978243754e-18
0.999999999999991286894918011416e0 -0.132212647355936964510299468216e-13

-0.249194836512324101700126160682e0 0.109839294436543763871361677094e1
0.596034145057942259430036395191e0 0.459225117330868474901296476020e0
0.200000000000000543447451418201e1 -0.267782678848610902306359220085e-14
-0.249194836512319021653667703533e0 0.109839294436545567541201751914e1
0.596034145057935929552296192754e0 0.459225117330872467466658179684e0
0.199999999999998765350107371510e1 0.167800584874562575005511640982e-14
-0.249194836512334936810047423350e0 0.109839294436543587905293696069e1
0.596034145057941473918956689320e0 0.459225117330873256139337105528e0
0.200000000000002126285330266620e1 -0.180966430623043715553724401540e-14
0.100000000000000000000000000000e1 0.000000000000000000000000000000e0
0.722909655132533169754091098418e-21 -0.297373134899886330367896869446e-21
0.100000000000000000000000000000e1 0.000000000000000000000000000000e0
-0.235306705850866284600605892757e-17 -0.233568793830974482651888288528e-17
0.999999999999996629771188861386e0 -0.155859592642208711496487075543e-14

-0.249194836512324714171289884598e0 0.109839294436546116023544877227e1
0.596034145057947944826884236141e0 0.459225117330866007489540944595e0
0.199999999999999130999775026143e1 0.199537385947568598026119927899e-14
-0.249194836512332180351040545345e0 0.109839294436545154889051010329e1
0.596034145057939386616809810866e0 0.459225117330869564293084472542e0
0.199999999999999291320823790920e1 0.372909641992242227941800915155e-15
-0.249194836512327055235558601025e0 0.109839294436544078819647209357e1
0.596034145057938302562383842276e0 0.459225117330879044307872552524e0
0.200000000000000257872340666157e1 0.391152854950017471707922317590e-14
0.100000000000000000000000000000e1 0.000000000000000000000000000000e0
0.101835650118114412370933202210e-18 -0.125918710906188340150227030929e-18
0.100000000000000000000000000000e1 0.000000000000000000000000000000e0
-0.269156056336914020857825132873e-18 0.376569089997269305831640723345e-17
0.999999999999999169208028407281e0 -0.601899978081455511669848640418e-14

0.432087441726770525105666226478e0 0.408604172874425613109828447984e-1
-0.880322750218787408435402219005e0 -0.318351138128478452805389623711e-1
-0.375713455712649183408034055334e0 0.243166420708715852518382794823e0
0.432087441726770518458905155695e0 0.408604172874425723430371215922e-1
-0.880322750218787307304215433468e0 -0.318351138128479602755588251778e-1
-0.375713455712649203533150346519e0 0.243166420708715867030386832954e0
0.432087441726770545058733940630e0 0.408604172874425707856741663989e-1
-0.880322750218787357353004315503e0 -0.318351138128479586471676303514e-1
-0.375713455712649143713457264798e0 0.243166420708715823092442560247e0
0.100000000000000000000000000000e1 0.000000000000000000000000000000e0
-0.106729373041200891554876300019e-26 -0.848357075877791855755993906338e-27
0.100000000000000000000000000000e1 0.000000000000000000000000000000e0
-0.177703709700077683482346609858e-26 0.310230401026951749647326014701e-26
0.251001550122575776499708612133e0 0.968484409883048596184089657511e0

0.629255363250226556600065918412e0 0.291020237254008445683573016492e1
0.274213475167379434146288396698e1 -0.667822925166827432185032752552e0
-0.199999999999999994649476147019e1 -0.554244505132162686083097394550e-15
0.629255363250237633134564783214e0 0.291020237254007213634853092664e1
0.274213475167379353254736884023e1 -0.667822925166820341989201151863e0
-0.199999999999999901685478073000e1 0.191514520232949643749867389538e-14
0.629255363250228444718844048591e0 0.291020237254008540095444103954e1
0.274213475167379486075487460095e1 -0.667822925166821880828427828645e0
-0.200000000000000054250454108999e1 0.425248540427971067209511490448e-15
0.100000000000000000000000000000e1 0.000000000000000000000000000000e0
0.109118342082534306182401952919e-20 -0.595275249295666703806741718044e-20
0.100000000000000000000000000000e1 0.000000000000000000000000000000e0
0.347352274807228531894171655880e-20 0.325271695044809862626269193064e-20
0.577578924538778955939687133794e0 0.526980178691004786079083182836e0

0.629255363250223088205208206703e0 0.291020237254008814480937868781e1
0.274213475167379929093810321280e1 -0.667822925166821861483602127405e0
-0.200000000000000186639974056545e1 -0.255991262958509913746417280656e-14
0.629255363250234169508863160515e0 0.291020237254008088187096817265e1
0.274213475167380179891705242078e1 -0.667822925166819874693001552631e0
-0.200000000000000119797118443790e1 -0.537662607537611377200100824183e-15
0.629255363250222330490970926422e0 0.291020237254009279877123783438e1
0.274213475167380352640581955985e1 -0.667822925166815497331022274911e0
-0.200000000000000110487387698312e1 -0.445596356837649278255247867378e-14
0.100000000000000000000000000000e1 0.000000000000000000000000000000e0
-0.212925087788957625687823815576e-20 0.262248849384500439684025146062e-20
0.100000000000000000000000000000e1 0.000000000000000000000000000000e0
0.235887318896153507187853419011e-19 -0.556989863710903361223937943306e-20
0.577578924538776843911371081932e0 0.526980178691003085155216865168e0

-0.359244957717213019277295039595e0 0.212518944049718387451359835662e0
0.936215236620744263460019473020e0 0.136795453621599103545573279875e0
-0.420804301828515533712971723599e0 0.245832225036605457619983742506e0
-0.359244957717213009378739503957e0 0.212518944049718380450372447605e0
0.936215236620744216967363007286e0 0.136795453621599144444296243109e0
-0.420804301828515494485864626164e0 0.245832225036605445159779423868e0
-0.359244957717212982233387700957e0 0.212518944049718378580975142795e0
0.936215236620744204162472165846e0 0.136795453621599101433747879230e0
-0.420804301828515488292336372317e0 0.245832225036605419298128388135e0
0.100000000000000000000000000000e1 0.000000000000000000000000000000e0
-0.173137420533136867254228468195e-26 0.110252196216179318428180564785e-26
0.100000000000000000000000000000e1 0.000000000000000000000000000000e0
-0.105615066699410204249644004381e-26 0.186793819780131001535600781622e-26
0.209316902846561771994284831558e-1 0.198964162164133240172471856082e0

-0.303375177779670371058378064253e1 -0.106081525907603858127347829183e1
0.101247743649341817528956276434e1 -0.317858952914722467765833530647e1
0.200000000000000904821599361739e1 0.468731997233858585961275222462e-14
-0.303375177779669889853861141156e1 -0.106081525907603771284890699176e1
0.101247743649341478056226202218e1 -0.317858952914721316902329257028e1
0.200000000000000035128710697130e1 -0.264364123635065004730458585180e-16
-0.303375177779669927280485572615e1 -0.106081525907603792583468109114e1
0.101247743649341596869970612128e1 -0.317858952914721598624641139769e1
0.199999999999999660649800563697e1 0.160425938143262886597470928902e-14
0.100000000000000000000000000000e1 0.000000000000000000000000000000e0
0.402442943189771868904004458319e-20 -0.136377813024418719943081354391e-20
0.100000000000000000000000000000e1 0.000000000000000000000000000000e0
-0.446114856175683064924616194378e-19 -0.435174448271094557372805499227e-19
0.106967576760442027843183121295e1 -0.322151698039007054728165046229e-1

-0.303375177779668804290635202420e1 -0.106081525907603119170159246067e1
0.101247743649341181370887229418e1 -0.317858952914721769592538895666e1
0.199999999999999802007017324995e1 0.863354621354967284746083029839e-15
-0.303375177779668941586616077150e1 -0.106081525907603160995318930730e1
0.101247743649341049434412910898e1 -0.317858952914721272755272091583e1
0.199999999999999877914526736210e1 0.940139151996987658914932413163e-16
-0.303375177779669405986691037793e1 -0.106081525907603267234916433295e1
0.101247743649340988108090265151e1 -0.317858952914720826458015559053e1
0.200000000000000332902426098121e1 0.371957717497427376876153681613e-15
0.100000000000000000000000000000e1 0.000000000000000000000000000000e0
0.185750522196503766938307129395e-20 0.194166283278099442611056997441e-20
0.100000000000000000000000000000e1 0.000000000000000000000000000000e0
-0.115411708757266994714990395444e-18 -0.938221977840488482920537972445e-20
0.106967576760442124932696283470e1 -0.322151698039023389338993912197e-1

0.615131826731575828736345898369e-1 -0.169768741171057232220392743655e0
-0.105756500964841633672188843952e-1 -0.987458500666620289797926518500e0
0.200000000000002375514369987269e1 -0.926228821514924814784651206258e-16
0.615131826731549192977228151573e-1 -0.169768741171054500370070536479e0
-0.105756500964908478677604918952e-1 -0.987458500666619225750006190219e0
0.200000000000002249954467193227e1 -0.101140831880051023896598380956e-13
0.615131826731546893691583140073e-1 -0.169768741171054862068087009824e0
-0.105756500964815960568395173738e-1 -0.987458500666623344832752548852e0
0.200000000000003040694143041812e1 0.829300149465407363216949185220e-14
0.100000000000000000000000000000e1 0.000000000000000000000000000000e0
0.577768137253988489051609612984e-20 -0.901261015135359459706984098149e-20
0.100000000000000000000000000000e1 0.000000000000000000000000000000e0
0.484949240369517681116087738664e-17 -0.327496099581733266670519626273e-17
0.999999999999992877775279905549e0 -0.234968975559155788935721239671e-14

0.615131826731572721155010490853e-1 -0.169768741171055065796581546485e0
-0.105756500964867205017833759441e-1 -0.987458500666602144486331636552e0
0.200000000000002699593214962335e1 -0.570756271320662521514994150863e-15
0.615131826731565174279188507113e-1 -0.169768741171054412961866288574e0
-0.105756500964748810327448032230e-1 -0.987458500666610842637861361725e0
0.199999999999999890328093650376e1 0.466185520210691146074387314412e-14
0.615131826731575496805470889330e-1 -0.169768741171057147458034493974e0
-0.105756500964842580575584481179e-1 -0.987458500666623646016459530341e0
0.200000000000000462829903286353e1 0.342122792316707395453587117197e-14
0.100000000000000000000000000000e1 0.000000000000000000000000000000e0
0.922598895502458967297165650723e-19 -0.151512254360198625578789008790e-18
0.100000000000000000000000000000e1 0.000000000000000000000000000000e0
-0.408672681989128424629853209423e-17 -0.482505514642178163856214192622e-17
0.100000000000001846289082029349e1 0.229767973351282027523141196336e-13

0.615131826731577482074870604987e-1 -0.169768741171055906798000897167e0
-0.105756500964738079457130448299e-1 -0.987458500666606966083543092227e0
0.199999999999999993540950254661e1 0.287216365349510141703260232283e-13
0.615131826731572137577916457718e-1 -0.169768741171054329125812895601e0
-0.105756500964711713155854827876e-1 -0.987458500666607054555869556961e0
0.200000000000003539420566268472e1 0.347885214579298716607726518430e-14
0.615131826731557647713173232907e-1 -0.169768741171054041752344397171e0
-0.105756500964740582168310890298e-1 -0.987458500666599978300258734939e0
0.200000000000003641013107118986e1 0.114451130101057442071509568448e-13
0.100000000000000000000000000000e1 0.000000000000000000000000000000e0
0.535665906484571595099266976692e-20 -0.909615897055502837515544103274e-20
0.100000000000000000000000000000e1 0.000000000000000000000000000000e0
0.356878599500957999230627676024e-17 0.548167741967405015877571420843e-17
0.100000000000000802448134364999e1 -0.120698996019858579625280589193e-14

8.700771005384028e-01 -2.267163781896313e-01
-2.795229074234512e-01 -2.449738928272602e-01
-8.086658996893202e-01 -3.185120437584055e-01
8.700771005384040e-01 -2.267163781896315e-01
-2.795229074234510e-01 -2.449738928272613e-01
-8.086658996893206e-01 -3.185120437584061e-01
8.700771005384031e-01 -2.267163781896323e-01
-2.795229074234520e-01 -2.449738928272602e-01
-8.086658996893213e-01 -3.185120437584048e-01
1.000000000000000e+00 0.000000000000000e+00
-7.795003612588856e-16 -9.776394986736660e-16
1.000000000000000e+00 0.000000000000000e+00
-9.752869381577716e-16 1.280499448654919e-15
5.395213287723860e-01 6.210642855202330e-01

0.226768320244130878354980306028e-1 0.213927571411603019202252370137e1
-0.189120182349823424805309504086e1 0.256514114041979742804190604270e-1
0.199999999999999560284866773522e1 0.296220530733230249376065520165e-15
0.226768320244146264994954488059e-1 0.213927571411603793306710068046e1
-0.189120182349823444785493943739e1 0.256514114041964117387650407546e-1
0.199999999999999592036528379882e1 -0.467926893277770172004022874485e-15
0.226768320244132086859939359716e-1 0.213927571411603114631645154446e1
-0.189120182349823322311062260818e1 0.256514114041961116254681319808e-1
0.199999999999998915115738102167e1 0.269712957051004727356531187954e-14
0.100000000000000000000000000000e1 0.000000000000000000000000000000e0
-0.130332454282744624993250336165e-20 0.269508153436671226517000291245e-20
0.100000000000000000000000000000e1 0.000000000000000000000000000000e0
-0.457009139076777289773430000825e-20 -0.188501925146248693652553362930e-20
0.817875013413923410853937688642e0 0.304332976942145977129019633792e0

0.226768320244175792423667140720e-1 0.213927571411604714813544545089e1
-0.189120182349824107772110172521e1 0.256514114042001016535522339678e-1
0.199999999999999724515543981200e1 -0.558758462481982724992611520901e-15
0.226768320244195712006587677597e-1 0.213927571411604636080215858566e1
-0.189120182349824474994947760474e1 0.256514114041994795475336592839e-1
0.200000000000000510263945758018e1 -0.396927866483650771431081296816e-14
0.226768320244208621199525005646e-1 0.213927571411604878443647990902e1
-0.189120182349824260401332103496e1 0.256514114041995229345359479223e-1
0.200000000000001095730169704478e1 -0.287043364302505646872757362545e-14
0.100000000000000000000000000000e1 0.000000000000000000000000000000e0
-0.107617363164642934616045954379e-21 0.421933498474051658352656615521e-21
0.100000000000000000000000000000e1 0.000000000000000000000000000000e0
0.234402501705914432630180489809e-20 -0.458369410425301029222392658645e-20
0.817875013413922927346138306685e0 0.304332976942144722949063378566e0

-1.474731300397589e+00 2.457441677741682e-01
2.910634974824092e-01 7.867018180287179e-01
2.417021805239573e-01 1.104056514395314e+00
-1.474731300397589e+00 2.457441677741683e-01
2.910634974824096e-01 7.867018180287180e-01
2.417021805239569e-01 1.104056514395314e+00
-1.474731300397589e+00 2.457441677741684e-01
2.910634974824096e-01 7.867018180287180e-01
2.417021805239569e-01 1.104056514395314e+00
1.000000000000000e+00 0.000000000000000e+00
-3.501356162734089e-17 4.101090715324995e-16
1.000000000000000e+00 0.000000000000000e+00
-1.611450089488448e-17 -1.557444026756126e-16
-7.045701669342322e-02 8.253611624630475e-01

0.2407769123222226567408888330819931668987e1 -0.2864013848125365521974825949758919512008e0
0.2647292757891629522760038338413670716429e0 0.2604881568705206674354024833774094990039e1
-0.2000000000000172710228890178991809379934e1 0.2522643273845953798610088432352836727231e-12
0.2407769123222174729274054220176063337731e1 -0.2864013848125317098192530825307197451163e0
0.2647292757891770367981158614623834905704e0 0.2604881568705184215976335181789756539645e1
-0.2000000000000154430216965891409538472037e1 0.2645552776237011292142430347894832086203e-12
0.2407769123222649801793341753937835824879e1 -0.2864013848122448037212987960586039876292e0
0.2647292757888428512240587677706879293401e0 0.2604881568705566519262176912407432146746e1
-0.2000000000000035323320029350839758052279e1 -0.7385473816761892318203229846364609729765e-13
0.1000000000000000000000000000000000000000e1 0.0000000000000000000000000000000000000000e0
-0.7876337521150895069998732505256209796567e-16 0.1980032348032417236907109703416199706354e-16
0.1000000000000000000000000000000000000000e1 0.0000000000000000000000000000000000000000e0
0.5730589599873296001830152098042898653759e-14 0.4315327013938507629639456436489102542713e-13
0.9999999999999684163548486359675313834088e0 -0.1235764614108775326081666228467749021961e-14

0.240776912322211456132678851097e1 -0.286401384812746072369987241826e0
0.264729275789315468587189938624e0 0.260488156870501616482353746997e1
-0.200000000000000197986708248308e1 -0.868475843150675965525024432252e-15
0.240776912322207332170780428889e1 -0.286401384812740756188421788024e0
0.264729275789302682987114205795e0 0.260488156870498407868905772585e1
-0.199999999999997095527939022145e1 -0.740294341331313743350540085376e-14
0.240776912322211274649184034389e1 -0.286401384812748543215699175970e0
0.264729275789304612897955241609e0 0.260488156870499746747946237033e1
-0.199999999999998378969925680275e1 -0.482014754051431886018324847624e-16
0.100000000000000000000000000000e1 0.000000000000000000000000000000e0
-0.496848231820432720604240156418e-18 -0.134314163410431619354438595097e-18
0.100000000000000000000000000000e1 0.000000000000000000000000000000e0
0.163774115811564504706100657196e-16 0.187957840760401443861335204146e-15
0.100000000000000233676822430632e1 0.696417258668041419190917563874e-14

0.240776912322212740557859376430e1 -0.286401384812768101336546090826e0
0.264729275789319834464503585803e0 0.260488156870501669081010127515e1
-0.200000000000003319181146889909e1 0.205858844194842205885918476507e-13
0.240776912322213462302437394263e1 -0.286401384812766753580363001983e0
0.264729275789332959051676806600e0 0.260488156870502372184135953293e1
-0.199999999999999137883320966374e1 0.132774914268987164746037260585e-13
0.240776912322214799197073155577e1 -0.286401384812772109680331312510e0
0.264729275789315766485682995423e0 0.260488156870501062476755522070e1
-0.200000000000001748767709420707e1 0.155581219937836964925083080164e-13
0.100000000000000000000000000000e1 0.000000000000000000000000000000e0
-0.342602058536316502432303216602e-18 -0.205686522001470710108264506153e-18
0.100000000000000000000000000000e1 0.000000000000000000000000000000e0
0.568878545799372234652048273349e-17 0.184052880893290074806186108032e-15
0.100000000000000119437568595893e1 0.173808709808354811795557082704e-13

1.334816751130304e-01 1.281853929642862e+00
-1.604502146991611e+00 2.475738828828591e-01
-7.603715586061432e-01 -5.947850476158513e-01
1.334816751130304e-01 1.281853929642862e+00
-1.604502146991611e+00 2.475738828828590e-01
-7.603715586061436e-01 -5.947850476158516e-01
1.334816751130298e-01 1.281853929642862e+00
-1.604502146991611e+00 2.475738828828588e-01
-7.603715586061432e-01 -5.947850476158515e-01
1.000000000000000e+00 0.000000000000000e+00
-4.196071274155170e-17 -6.607328641324761e-17
1.000000000000000e+00 0.000000000000000e+00
-3.860738777212072e-17 -1.614927087711337e-16
5.898026339174476e-01 -1.801415214208291e-03

0.162827699315221049274679305676e-1 0.897344655523653786076327555466e0
0.329928423605146795820080686542e-1 -0.442861406589904264133564547328e0
-0.199999999999992523995895836684e1 -0.169005220429404032697636651707e-13
0.162827699315252188474016268242e-1 0.897344655523653600177896440554e0
0.329928423605159411378320684045e-1 -0.442861406589898287331851155838e0
-0.199999999999996777639106497443e1 -0.288370169470962305237846610628e-14
0.162827699315250432189326392085e-1 0.897344655523646018666671968262e0
0.329928423605123744095138483037e-1 -0.442861406589899159116782179981e0
-0.199999999999998268633034249398e1 -0.806255733501515903901014668772e-15
0.100000000000000000000000000000e1 0.000000000000000000000000000000e0
0.194955551187195050201242843782e-19 -0.655706386398693322568060458178e-18
0.100000000000000000000000000000e1 0.000000000000000000000000000000e0
0.128881313275322234975516244816e-17 -0.460833899078602139719317792815e-17
0.100000000000000501058105213142e1 0.102120646778247149415891429917e-13

0.162827699315217637940737063805e-1 0.897344655523649913441099630883e0
0.329928423605118037391979531649e-1 -0.442861406589906165396029149025e0
-0.199999999999998068722126952986e1 -0.424855874598375449842452155802e-14
0.162827699315245708553814626171e-1 0.897344655523656441265215726948e0
0.329928423605135213338457291865e-1 -0.442861406589904919279321420975e0
-0.200000000000001944988472341148e1 0.427050150586115921629078064285e-14
0.162827699315242361383130983757e-1 0.897344655523653086659813478564e0
0.329928423605122408265248976177e-1 -0.442861406589901314653957322004e0
-0.200000000000000903774410259547e1 0.455462005741003222043394950719e-15
0.100000000000000000000000000000e1 0.000000000000000000000000000000e0
0.383246911801496369581473572239e-19 -0.647050452825003966120487833251e-18
0.100000000000000000000000000000e1 0.000000000000000000000000000000e0
0.473263313161175070634553312350e-17 0.141290910098927455822098773998e-17
0.999999999999992645220851542266e0 0.226886294302567187554299448433e-14

0.162827699315268404321826545701e-1 0.897344655523656844182392707566e0
0.329928423605102459807557496841e-1 -0.442861406589901874817337838669e0
-0.199999999999996285879380460632e1 -0.272771619885753295465002974013e-14
0.162827699315238578013386278359e-1 0.897344655523650617036667738822e0
0.329928423605120573832005488431e-1 -0.442861406589894387273111639120e0
-0.199999999999995230195457652828e1 -0.765280171290268599667075049133e-14
0.162827699315286185929424683574e-1 0.897344655523659243468373979033e0
0.329928423605130033716886392724e-1 -0.442861406589904243741544012261e0
-0.200000000000000833926116144731e1 0.147041913873242920408652027934e-14
0.100000000000000000000000000000e1 0.000000000000000000000000000000e0
0.255591248864752170440976672793e-19 -0.636799474966884961918613340248e-18
0.100000000000000000000000000000e1 0.000000000000000000000000000000e0
-0.189548818890755393743057281835e-17 0.236483717433095066616726627056e-17
0.100000000000000306516893164242e1 0.733028072632768557599973798632e-14

0.701490872893454250624355750434e-2 0.803984045015728466390296989081e0
0.948248094458025376606654519191e-2 -0.594767838529858192578096420311e0
-0.200000000000003204447943972290e1 0.465961435902213039116215055406e-15
0.701490872893656466767071778439e-2 0.803984045015736395299473235057e0
0.948248094458112215259382840596e-2 -0.594767838529850525091253938089e0
-0.199999999999999180452320556945e1 -0.452917237528869682191012183149e-14
0.701490872893553036410074221422e-2 0.803984045015731290543988389210e0
0.948248094457685813312776346710e-2 -0.594767838529868368174806005502e0
-0.199999999999999168976420744634e1 -0.543107250589760109961987192006e-14
0.100000000000000000000000000000e1 0.000000000000000000000000000000e0
-0.798154567479662586305493894357e-17 -0.436154847756356510729360420266e-17
0.100000000000000000000000000000e1 0.000000000000000000000000000000e0
-0.241653116139676078388188431352e-19 0.283588970250964273994590825946e-19
0.360625402291661834045984032021e-18 -0.177438069720546738342766230507e-18

0.701490872893677162438945445552e-2 0.803984045015729623878827574076e0
0.948248094457917714520629500983e-2 -0.594767838529854447888285777290e0
-0.199999999999998507797375167312e1 -0.428401233317779396719753613386e-14
0.701490872893705556936655533916e-2 0.803984045015723514362748270005e0
0.948248094457906742786187746348e-2 -0.594767838529851651666268728153e0
-0.199999999999997692082945046074e1 -0.261770195801283685648551907022e-14
0.701490872893796861758744260064e-2 0.803984045015730866912566302813e0
0.948248094457887883773260684255e-2 -0.594767838529855989731110294565e0
-0.199999999999999089904134509240e1 -0.395854122112363809578358848827e-14
0.100000000000000000000000000000e1 0.000000000000000000000000000000e0
-0.326055084239812431004362897407e-17 -0.917303229664543102216750803800e-18
0.100000000000000000000000000000e1 0.000000000000000000000000000000e0
-0.245104405772278302189431282717e-19 0.291090964568000026275682387688e-19
0.548243871395062664968290872121e-18 -0.189327250197965010028770596048e-17

0.701490872893742162954490355301e-2 0.803984045015744299752548322975e0
0.948248094457795315875072366998e-2 -0.594767838529865115832602348898e0
-0.200000000000003611111720267993e1 0.106941100363194792530930196947e-14
0.701490872893792979274968240155e-2 0.803984045015747355188976755809e0
0.948248094458096495755490203345e-2 -0.594767838529859256057690902288e0
-0.200000000000000746830008999921e1 -0.103856415494783272654178273242e-14
0.701490872893815358323819133961e-2 0.803984045015747122243998821338e0
0.948248094458016947300448058369e-2 -0.594767838529852219647312484976e0
-0.200000000000001202359725670653e1 -0.210615589007352128555752193027e-15
0.100000000000000000000000000000e1 0.000000000000000000000000000000e0
-0.473242698039075366933629355657e-17 0.819900516015988488643224914150e-17
0.100000000000000000000000000000e1 0.000000000000000000000000000000e0
-0.250907826586763983194910981374e-19 0.277784921506293025301480483649e-19
0.234344272735018588007848252028e-17 0.311811795745145064135641311384e-18

0.405094923782612314488052974891e0 0.574354702081246304985265113063e-2
-0.899391006423414164576684242408e0 -0.544851469470554413850719621676e-2
-0.240274792508484507462815932890e0 0.601563466726674471498614436003e-1
0.405094923782612325389608284343e0 0.574354702081248387942028563029e-2
-0.899391006423414073933022275578e0 -0.544851469470553950891120874246e-2
-0.240274792508484498353528740775e0 0.601563466726674472753026032774e-1
0.405094923782612283868700786101e0 0.574354702081244326828645252569e-2
-0.899391006423414039578439458541e0 -0.544851469470548257190016182046e-2
-0.240274792508484501005917845144e0 0.601563466726674452854235011227e-1
0.100000000000000000000000000000e1 0.000000000000000000000000000000e0
-0.258211056881308664307101393225e-28 0.355284276890528872360420753625e-26
0.100000000000000000000000000000e1 0.000000000000000000000000000000e0
-0.132457580096077110957611303419e-26 -0.178120844159836535574124976318e-27
0.182537422055952683642718262767e0 0.106149533027018615614267238345e1

0.108057810264431439756912547289e1 0.226240739301699396889375921561e0
0.527265357576375936821041084347e-1 0.673572957407917424244556289362e0
-0.993330701461279430815032973336e0 0.563731609277229902573540846584e0
0.108057810264431436122827812089e1 0.226240739301700698317025974242e0
0.527265357576375873846086133395e-1 0.673572957407917983218462268220e0
-0.993330701461277643888110275922e0 0.563731609277229131462378262085e0
0.108057810264431545164196218641e1 0.226240739301700095694798273935e0
0.527265357576375578247359282419e-1 0.673572957407917082780156828966e0
-0.993330701461279403832259859709e0 0.563731609277229501885854665165e0
0.100000000000000000000000000000e1 0.000000000000000000000000000000e0
0.728251943546859927723339451866e-25 -0.658281564051404981729207823319e-25
0.100000000000000000000000000000e1 0.000000000000000000000000000000e0
-0.528895055881387580135541030372e-25 -0.897998061959294709764504009608e-26
0.133480135785394210041110479795e0 0.107613134971882277289720053776e-1

0.194121142699497459399941973135e1 0.136690950058221427660538104466e1
-0.125452538956816210816504804914e1 0.211511091306935953120689583498e1
-0.199999999999999987075267397938e1 0.258907963204445760144884472428e-15
0.194121142699498394105023905270e1 0.136690950058222318859376342403e1
-0.125452538956816126159707273733e1 0.211511091306935874030865376387e1
-0.200000000000000144656253211630e1 -0.185572827537589636006203124206e-14
0.194121142699498403447408334513e1 0.136690950058222375412478351950e1
-0.125452538956816239125401533710e1 0.211511091306936031328126756764e1
-0.200000000000000128499232934550e1 -0.401485180911244531774631787402e-14
0.100000000000000000000000000000e1 0.000000000000000000000000000000e0
-0.128558816910932211618157673148e-20 0.203893480217815474656654866851e-20
0.100000000000000000000000000000e1 0.000000000000000000000000000000e0
-0.505178555008834014649751862068e-20 -0.924909805715666911400919009557e-20
0.689165366254956801189109862906e0 -0.231855309009968653401446735576e0

0.194121142699498179425594992695e1 0.136690950058221861982547606619e1
-0.125452538956815748179199625615e1 0.211511091306935900106501435109e1
-0.199999999999999678557476431507e1 -0.165059995284389291548629550289e-14
0.194121142699497574069398849327e1 0.136690950058221308655305241257e1
-0.125452538956816081118091980596e1 0.211511091306936127835885121209e1
-0.199999999999999897071443104038e1 -0.142357311410387275498569964033e-14
0.194121142699498643809410556539e1 0.136690950058222214723772842882e1
-0.125452538956815932767926159468e1 0.211511091306936242712666835794e1
-0.200000000000000099513121002751e1 -0.329012197413231171980089061672e-14
0.100000000000000000000000000000e1 0.000000000000000000000000000000e0
0.101712520832283649903215000427e-20 -0.110024601007231611601383540924e-20
0.100000000000000000000000000000e1 0.000000000000000000000000000000e0
0.345777314062345937677603070254e-20 0.572768348703617098290862842106e-20
0.689165366254958379227512007135e0 -0.231855309009968544820199160206e0

0.167874331297090713853849265199e1 -0.135080824996455906979569947042e1
-0.121667769226953999217847039652e1 -0.186381350717783855078426618631e1
-0.200000000000000538025508343741e1 0.886489442776232697749706809271e-16
0.167874331297090660958621888287e1 -0.135080824996455676160671477103e1
-0.121667769226954014325233758168e1 -0.186381350717783882600311447991e1
-0.199999999999999840404143019593e1 0.517932559240762842686166771260e-15
0.167874331297090870233284376500e1 -0.135080824996455516219829740629e1
-0.121667769226954312411237094863e1 -0.186381350717784065633189704310e1
-0.199999999999999368644662969232e1 0.152701416025134565638894861356e-14
0.100000000000000000000000000000e1 0.000000000000000000000000000000e0
-0.433569550487121042807026213269e-21 -0.143077264872771579467487957821e-20
0.100000000000000000000000000000e1 0.000000000000000000000000000000e0
0.114592921643345205359053840042e-19 -0.613757168644741093684505999194e-20
0.640909624952029221709373755201e0 0.747202222925319253288227305557e0

0.167874331296956093187e1 -0.135080824996190633448e1
-0.121667769226683483415e1 -0.186381350717678068922e1
-0.199999999999997932286e1 -0.144065532073356372678e-13
0.167874331296964729866e1 -0.135080824996192453227e1
-0.121667769226685827124e1 -0.186381350717686287630e1
-0.199999999999997091812e1 -0.109269418600149714749e-13
0.167874331296954699857e1 -0.135080824996199864464e1
-0.121667769226692081626e1 -0.186381350717675861898e1
-0.199999999999997124208e1 -0.163755185626779375951e-13
0.100000000000000000000e1 0.000000000000000000000e0
-0.666346846496646538716e-14 -0.419518897065988212294e-14
0.100000000000000000000e1 0.000000000000000000000e0
-0.133485019314328114426e-13 0.146929960083016355805e-13
0.640909624952065700722e0 0.747202222925117405202e0

3.288737283803882e-16 -4.507803730313152e-17
2.745197207644266e-17 3.161385992966402e-16
6.259887558781333e-17 4.903428363751391e-17
-1.197665742801872e+00 -3.326478440975689e-01
5.178383932410017e-01 -7.693537839075221e-01
1.326754839942099e-16 1.231419089064077e-16
1.197665742801873e+00 3.326478440975686e-01
-5.178383932410013e-01 7.693537839075230e-01
9.025571939024161e-17 1.343012280817314e-16
1.000000000000000e+00 0.000000000000000e+00
-5.000000000000002e-01 5.551115123125783e-17
1.000000000000000e+00 0.000000000000000e+00
-4.999999999999999e-01 -1.110223024625157e-16
5.000000000000000e-01 2.775557561562891e-17

-0.134064650589937532664395602884e0 -0.695021654043414439962123562410e0
-0.125562883677917236969013449047e0 0.742081039177019579172626965891e0
0.199999999999996746985045441710e1 -0.994279662466869141792574687407e-15
-0.134064650589938594346397068440e0 -0.695021654043412223505817751472e0
-0.125562883677919460660122114277e0 0.742081039177024432746665939482e0
0.199999999999997172039185291384e1 -0.338826138796901538271621748184e-14
-0.134064650589940571142664643323e0 -0.695021654043423392734352498499e0
-0.125562883677922262526148570128e0 0.742081039177032344013932755445e0
0.199999999999998075808663310730e1 -0.162265617522861122165101684909e-14
0.100000000000000000000000000000e1 0.000000000000000000000000000000e0
-0.157401039647577176635112367199e-16 0.371401984413476086156701426665e-17
0.100000000000000000000000000000e1 0.000000000000000000000000000000e0
-0.146080016307433790220079208885e-18 -0.107006566807527195795568161466e-18
-0.442361244232796267957628068404e-18 -0.817763347874530926736821434375e-18

-0.134064650589943713698223690953e0 -0.695021654043418058300120834906e0
-0.125562883677919362388507062470e0 0.742081039177034479540238938151e0
0.199999999999996592740870954427e1 -0.384959740054081202601987174304e-14
-0.134064650589942583756077535827e0 -0.695021654043428518691488426858e0
-0.125562883677921202195110824512e0 0.742081039177032953623474771636e0
0.200000000000001216738593178768e1 0.511161260294004965954182269371e-14
-0.134064650589939294642490289051e0 -0.695021654043417985658533537171e0
-0.125562883677919237112907951522e0 0.742081039177033360090914456016e0
0.199999999999997016019288462331e1 0.900854873127539742789308903288e-14
0.100000000000000000000000000000e1 0.000000000000000000000000000000e0
-0.110852897320467706039026742109e-16 0.280520441971589538153890740512e-17
0.100000000000000000000000000000e1 0.000000000000000000000000000000e0
-0.143653298098101788684625440248e-18 -0.107124813323586931552889016902e-18
0.144293477258825294701119305943e-17 0.264780855895633532524273730561e-17

-0.134064650589935023136223805554e0 -0.695021654043432315242453388373e0
-0.125562883677925950248176557993e0 0.742081039177030442949568716300e0
0.200000000000001308956054665483e1 0.366063965862111847035595312572e-13
-0.134064650589933961597394026082e0 -0.695021654043431039574713921382e0
-0.125562883677926284357729466331e0 0.742081039177028471946680244364e0
0.200000000000001032146901466027e1 0.230005964525175088763218618945e-13
-0.134064650589936814473306574933e0 -0.695021654043429925357107651838e0
-0.125562883677929296820655707643e0 0.742081039177036500650914138982e0
0.200000000000005969473361492747e1 0.453606608989112958346302740937e-13
0.100000000000000000000000000000e1 0.000000000000000000000000000000e0
0.601836244432765905217863121762e-17 -0.124885292223276342315144469161e-16
0.100000000000000000000000000000e1 0.000000000000000000000000000000e0
-0.146318639598166244639954544974e-18 -0.108604283707591662438291748373e-18
0.289747470330618264270031170308e-17 0.347536954154259872469925264575e-18

-0.198475465011449194794548403563e1 0.273017449343716557083431788982e1
0.261150920268735990073616750662e1 0.207494061897131638752900871558e1
0.199999999999998870185220002189e1 0.101327968646461003024762105338e-15
-0.198475465011449978340207914263e1 0.273017449343716146637005587642e1
0.261150920268736494892033653782e1 0.207494061897131011324200173983e1
0.199999999999999166190115822691e1 0.846070920304580962794574949292e-16
-0.198475465011449981864238168318e1 0.273017449343716917076574755408e1
0.261150920268736426123232517753e1 0.207494061897131402709551827018e1
0.199999999999999940445291193862e1 0.521065516396142619308773079175e-16
0.100000000000000000000000000000e1 0.000000000000000000000000000000e0
0.115663037269619560285064948982e-19 0.661329380170771895287622532888e-20
0.100000000000000000000000000000e1 0.000000000000000000000000000000e0
-0.539278038289546054184285655265e-20 0.327402059779424888541888058179e-20
0.574193304937209508188784524501e0 0.804141501399952602985182359126e0

-0.198475465011449388328202755435e1 0.273017449343715706796224901229e1
0.261150920268736733299508384178e1 0.207494061897131551137840211487e1
0.199999999999998750269702567662e1 0.684201486510585096737645619179e-16
-0.198475465011450157672036579801e1 0.273017449343715976699145397218e1
0.261150920268736277338310744704e1 0.207494061897130909015914500981e1
0.199999999999999677494311296238e1 0.191885861346991832535792337819e-16
-0.198475465011449321873574770972e1 0.273017449343716339473922744635e1
0.261150920268736965611238593776e1 0.207494061897130967405419720495e1
0.199999999999999406231081902018e1 0.427931110455837388298356535840e-16
0.100000000000000000000000000000e1 0.000000000000000000000000000000e0
-0.177573277130647260537852754014e-19 -0.106773631222711878260268345292e-19
0.100000000000000000000000000000e1 0.000000000000000000000000000000e0
-0.812498153794574671073035733476e-20 0.431706196256666873414096161130e-20
0.574193304937207238127682430027e0 0.804141501399948657955682706502e0

0.993395708863791081720544458555e0 0.136533778577704207867678278109e1
-0.113857952800362342356121277118e1 0.119123931546410324487406203336e1
-0.199999999999996813348985604437e1 -0.719062911388695198894144146369e-14
0.993395708863784976399451877371e0 0.136533778577701029344106989578e1
-0.113857952800361807476494648220e1 0.119123931546410194570703908861e1
-0.200000000000000723822681906222e1 0.148870071500489955734389085208e-13
0.993395708863789914668706491194e0 0.136533778577705058408058883241e1
-0.113857952800363969666049598481e1 0.119123931546409483353511571207e1
-0.199999999999997511115977992206e1 0.480404457994386132957767035609e-14
0.100000000000000000000000000000e1 0.000000000000000000000000000000e0
-0.168917019490203974470344531319e-17 0.325780548671185911839134060791e-17
0.100000000000000000000000000000e1 0.000000000000000000000000000000e0
-0.468370688451423545476855310561e-20 0.158103670039148697758133144030e-20
0.495419803570573546756445266617e-18 -0.259389740596692445682068100891e-18

0.993395708863792441556947027602e0 0.136533778577707281605580348136e1
-0.113857952800364372949143335477e1 0.119123931546409608749514684713e1
-0.200000000000000123091314300843e1 -0.146499036905037880696242142268e-13
0.993395708863782016934762312127e0 0.136533778577702945447006457315e1
-0.113857952800363497599315547772e1 0.119123931546409954978152079309e1
-0.200000000000001073380156455641e1 0.131210830455253388193333495714e-14
0.993395708863790546181784252601e0 0.136533778577706841194766890547e1
-0.113857952800364503885812628213e1 0.119123931546412236349302998410e1
-0.199999999999999649938198077034e1 -0.121854275705106621324526848204e-13
0.100000000000000000000000000000e1 0.000000000000000000000000000000e0
-0.711681458692313334140749560374e-18 -0.889097997981400354101240440993e-18
0.100000000000000000000000000000e1 0.000000000000000000000000000000e0
-0.444917493783168333492437710621e-20 0.155737201721242012168472347195e-20
-0.552752160806779918303937798930e-19 -0.234194114278086888868849930788e-18

0.993395708863780669392259127843e0 0.136533778577706097019195050294e1
-0.113857952800365415862733628211e1 0.119123931546409058389698557829e1
-0.199999999999998014913818783172e1 -0.599000980036693995041130943088e-14
0.993395708863772442988748190898e0 0.136533778577702765427202237331e1
-0.113857952800362717292964669865e1 0.119123931546407627638025320882e1
-0.199999999999997729211847956760e1 -0.132392448169117382022837396858e-13
0.993395708863760496654266955095e0 0.136533778577702910694650485553e1
-0.113857952800364184719167481810e1 0.119123931546409408333173321668e1
-0.199999999999998549695559669546e1 -0.393878931250015775055561675068e-15
0.100000000000000000000000000000e1 0.000000000000000000000000000000e0
0.162696637026731908641496660952e-17 -0.933958186202295102657082739019e-18
0.100000000000000000000000000000e1 0.000000000000000000000000000000e0
-0.478137272499595506644581921732e-20 0.166031830590822160542476428645e-20
0.102252980275883336211247529428e-18 0.105858069052974384128336469446e-18

