232                                              

-3.616738788835630e+56 -3.820694125868262e+56
5.164113829796321e+56 -4.140709466075134e+55
-4.064292225288072e+56 -1.640051211182648e+56
-2.699754709911734e+56 -3.452472125035646e+56
1.749059624746425e+00 -1.836876457804982e-01
-1.672005469492771e-01 -8.239033689403117e-01
3.995681457097768e-01 8.543656349675144e-01

4.976634170093992e+00 1.581903395672673e+00
3.212097663549368e+00 -2.447637271889392e+00
3.328704034309072e+00 3.733674239280705e-01
3.146309269644255e+00 -5.821913096239276e-01
3.328704034309070e+00 3.733674239280700e-01
3.146309269644256e+00 -5.821913096239273e-01
1.534710551760932e+57 9.154105231407059e+56

2.478990337972356e+00 -1.639416144270013e-01
4.199597888303006e-01 -1.037254298290240e+00
2.229056676421461e+00 -4.475760068111260e-01
5.964724360648801e-01 -8.747947534462099e-01
2.229056676421461e+00 -4.475760068111265e-01
5.964724360648800e-01 -8.747947534462099e-01
-1.170121019618314e+55 -3.764017427278694e+56

-0.205971174225968662180e2 -0.120931799885187497377e2
-0.117508836825898116286e2 -0.207245336752265840504e2
-0.205971174225968646707e2 -0.120931799885187470115e2
-0.117508836825898088513e2 -0.207245336752265809019e2
-0.205971174225968659700e2 -0.120931799885187480290e2
-0.117508836825898095035e2 -0.207245336752265825325e2
-0.691245689800300317624e0 -0.141377319307799202252e1

5.079768291316427e+00 -9.633466689585104e-01
-2.952806982931592e+00 -8.560542249059092e-01
3.443057089004808e-01 -1.429724530069566e+00
1.783545248353446e+00 -9.783181898886743e-01
3.443057089004808e-01 -1.429724530069566e+00
1.783545248353446e+00 -9.783181898886745e-01
-8.963937923856557e+57 -2.206254476241137e+58

1.501278618414574e+52 -1.461559607486944e+54
-9.301961056019306e+53 3.222331302326494e+53
1.806207510987480e+53 -1.485816643830299e+53
8.213132671062688e+52 -2.189858714416515e+53
-2.778057644352170e+00 1.012634254138598e-01
2.591672741575644e+00 1.847330851411619e-01
2.946685970101417e+00 1.186534131209578e+00

-0.660120093593166702267e-1 -0.663351065345023458201e0
0.169781625969586122556e1 0.153197139304491184353e-2
-0.660120093593166702267e-1 -0.663351065345023458255e0
0.169781625969586122567e1 0.153197139304491188419e-2
-0.660120093594083574436e-1 -0.663351065345011534308e0
0.169781625969587314962e1 0.153197139313659905704e-2
0.100000000000045838452e1 0.349400684166584207802e-12

-0.660120093594754585873e-1 -0.663351065345018798679e0
0.169781625969586588525e1 0.153197139320370017703e-2
-0.660120093594754586008e-1 -0.663351065345018798733e0
0.169781625969586588525e1 0.153197139320370023124e-2
-0.660120093593478932706e-1 -0.663351065345005554391e0
0.169781625969587912964e1 0.153197139307613488065e-2
0.100000000000031953737e1 0.860999504114987046499e-13

-0.660120093593633673834e-1 -0.663351065345054251060e0
0.169781625969583043292e1 0.153197139309160900030e-2
-0.660120093593633673970e-1 -0.663351065345054251114e0
0.169781625969583043303e1 0.153197139309160893254e-2
-0.660120093593845586570e-1 -0.663351065344996350436e0
0.169781625969588833365e1 0.153197139311280026709e-2
0.100000000000061678885e1 0.260410779311798235014e-12

-0.959466217998438967475e0 -0.152917222773642604448e0
-0.112406903471603955113e1 -0.684072188520569326444e0
-0.959466217998573167689e0 -0.152917222773701204125e0
-0.112406903471609815096e1 -0.684072188520435126285e0
-0.959466217998438967475e0 -0.152917222773642604461e0
-0.112406903471603955124e1 -0.684072188520569326444e0
0.592984836612170377394e-12 -0.224638350202367663566e-12

-0.959466217998565779502e0 -0.152917222773862938981e0
-0.112406903471625988563e1 -0.684072188520442514418e0
-0.959466217998548880097e0 -0.152917222773661212217e0
-0.112406903471605815897e1 -0.684072188520459413769e0
-0.959466217998565779610e0 -0.152917222773862938981e0
-0.112406903471625988574e1 -0.684072188520442514309e0
-0.347918699299476289535e-12 -0.540113152363282976419e-13

-0.959466217998510948754910908996e0 -0.152917222773763212131284328539e0
-0.112406903471616015889313119980e1 -0.684072188520497345159136851831e0
-0.959466217998563009350219716330e0 -0.152917222773689524403604252541e0
-0.112406903471608647116545112769e1 -0.684072188520445284563828044245e0
-0.959466217998510948754910941043e0 -0.152917222773763212131284320256e0
-0.112406903471616015889313119155e1 -0.684072188520497345159136819835e0
-0.323897085210067351817948320642e-12 -0.197585027902910633249506474317e-12

-4.317440063853285e+58 8.869479332782907e+58
-4.320357537627061e+58 1.664966454776255e+58
5.158093740885067e+58 5.140547960972071e+58
-1.896766234221940e+58 -7.030891994016640e+58
8.532037397030677e-01 1.537346746767716e-01
-1.129561697875653e+00 -3.743956719689211e-01
6.475445299644611e-04 7.019457153504710e-01

-1.359345136160714e-01 -7.086874914020022e-01
7.260887919321364e-01 5.918367747868699e-01
1.029099712386258e-01 -9.530414023133883e-01
9.266559420273185e-01 5.514283671404708e-01
1.029099712386256e-01 -9.530414023133880e-01
9.266559420273183e-01 5.514283671404703e-01
-5.582855926191703e+56 -4.550944602893484e+56

2.592725904283762e-01 2.923475640700188e+00
2.138882809099539e+00 2.395962878981296e+00
2.592725904283772e-01 2.923475640700186e+00
2.138882809099536e+00 2.395962878981293e+00
2.592725904283770e-01 2.923475640700186e+00
2.138882809099537e+00 2.395962878981295e+00
-8.372464346571906e-01 2.373083441640839e-01

-0.129379013936837970202e1 -0.374236454304411916263e-1
-0.583677230932398316771e0 0.497815923702239695829e0
-0.129379013936837973205e1 -0.374236454304411925750e-1
-0.583677230932398336883e0 0.497815923702239795955e0
-0.129379013936837966852e1 -0.374236454304412140422e-1
-0.583677230932398360627e0 0.497815923702239759716e0
0.868707477316778363678e0 -0.807794118739083878418e-1

-0.959466217997628304035e0 0.152917222774070365695e0
-0.112406903471646731248e1 0.684072188521379989992e0
-0.959466217998858884018e0 0.152917222773583836475e0
-0.112406903471598078337e1 0.684072188520149410118e0
-0.959466217997628303927e0 0.152917222774070365668e0
-0.112406903471646731237e1 0.684072188521379989830e0
-0.107689669364664798457e-11 -0.686257786049517279716e-12

-0.959466217998876439365e0 0.152917222773417520973e0
-0.112406903471581446773e1 0.684072188520131854608e0
-0.959466217998442869952e0 0.152917222773801415007e0
-0.112406903471619836182e1 0.684072188520565424021e0
-0.959466217998876439311e0 0.152917222773417520973e0
-0.112406903471581446784e1 0.684072188520131854608e0
0.112154953463377797278e-11 0.501139560065351110661e-12

-0.959466217998214444709e0 0.152917222773542964791e0
-0.112406903471593991144e1 0.684072188520793849156e0
-0.959466217998663397325e0 0.152917222773759457495e0
-0.112406903471615640417e1 0.684072188520344896486e0
-0.959466217998214444818e0 0.152917222773542964804e0
-0.112406903471593991155e1 0.684072188520793849156e0
-0.806934770152770258213e-12 0.141989857440970766406e-11

8.553158310891994e-01 -6.798035205567808e-01
-4.892091392847869e-01 -2.443111842537915e-01
2.010682813887525e-01 -2.537755430590134e-01
1.951022227951371e+00 -5.871245414040999e-02
2.010682813887526e-01 -2.537755430590136e-01
1.951022227951371e+00 -5.871245414041007e-02
-3.852557024628391e+57 6.388930088601771e+55

6.091274148523707e-01 -6.755004925890805e-01
-1.094272675187242e+00 3.829895237320043e-01
2.744582601650193e+00 6.027892308125626e-02
2.794408065139492e+00 -3.382752794801869e-02
2.744582601650193e+00 6.027892308125660e-02
2.794408065139492e+00 -3.382752794801824e-02
-1.745399657375640e+57 -8.431318260595861e+57

-0.189764806035119373384e1 -0.883429143841334976674e-1
-0.165438405116677560353e1 0.672907022094438604567e-1
-0.189764806035119373384e1 -0.883429143841334976674e-1
-0.165438405116677560353e1 0.672907022094438605651e-1
-0.189764806035096232888e1 -0.883429143838875097585e-1
-0.165438405116652961563e1 0.672907022092124555549e-1
0.100000000000017634125e1 -0.423304634075173658037e-12

-0.189764806035065769583e1 -0.883429143846091089170e-1
-0.165438405116725121484e1 0.672907022089078225000e-1
-0.189764806035065769583e1 -0.883429143846091089170e-1
-0.165438405116725121495e1 0.672907022089078224458e-1
-0.189764806035114078032e1 -0.883429143837288298859e-1
-0.165438405116637093581e1 0.672907022093909069926e-1
0.999999999999762766427e0 -0.108094747887886588611e-11

-0.189764806035093608501e1 -0.883429143837203754942e-1
-0.165438405116636248152e1 0.672907022091862116824e-1
-0.189764806035093608512e1 -0.883429143837203754942e-1
-0.165438405116636248152e1 0.672907022091862116824e-1
-0.189764806035104793055e1 -0.883429143840249997128e-1
-0.165438405116666710569e1 0.672907022092980572738e-1
0.100000000000099119313e1 -0.122013738088760925748e-11

-4.374175670999101e+56 4.804062464236860e+56
-1.285192413913613e+56 -5.209755792171319e+56
2.283028989984802e+00 7.044166215158087e-02
-2.022513942410116e+00 8.623114350129901e-02
-2.790208423201972e+56 4.554869088691717e+56
1.389568320003703e+55 -5.339736553320489e+56
6.752394456614268e-01 5.530761612943336e-01

1.663328224093999e+56 4.775929626395798e+55
-1.946454998991316e+56 -6.065258238745308e+55
-3.085055701480677e+55 2.040958878821762e+55
-1.651257170161407e+55 3.310050087879392e+55
2.237749737166832e+00 -1.692771927486514e-03
-2.026444176782014e+00 -1.436789893656032e-03
-2.240947585928699e-01 9.350824491333402e-01

3.635856699991805e+57 -1.531461346143704e+57
6.501033283263346e+54 -4.966027719593273e+57
2.269201902869438e+00 -3.156180359344807e-01
-2.232656767340416e+00 -7.589170177102433e-02
8.786285741406617e+56 1.414737184037686e+57
-1.468283257715555e+57 -7.858840539847657e+56
-7.147197077116924e-02 -6.593151371850320e-01

-5.858004214876811e-02 -1.015102521937031e+01
1.863940142287299e+00 1.694949057105892e+01
8.687610978036946e-01 7.711935546156167e-01
-6.558611253597962e-01 1.379971088367698e+00
8.687610978036941e-01 7.711935546156167e-01
-6.558611253597962e-01 1.379971088367697e+00
4.496439077598643e+58 1.540322580862609e+59

0.653920092666243758296e0 -0.267470821708240182957e0
-0.115782254617909898941e1 0.728990556838667652520e0
0.632699869370824691673e0 -0.237769283598928681851e0
-0.113092346722787441755e1 0.751828096005568529119e0
0.632699869370824691727e0 -0.237769283598928681865e0
-0.113092346722787441765e1 0.751828096005568529119e0
-0.113237922493529643540e54 0.592036151156053935245e54

-0.123786659111691173837e1 0.100816514842248188731e0
-0.551515406537845135043e0 0.379048087332466010957e0
-0.123786659111775187796e1 0.100816514842051454826e0
-0.551515406538041868894e0 0.379048087333306150520e0
-0.123786659111691173816e1 0.100816514842248188758e0
-0.551515406537845134934e0 0.379048087332466010903e0
0.166628921704621858275e-11 -0.176868229880246989071e-12

-0.123786659111617698941e1 0.100816514843112714440e0
-0.551515406536980609252e0 0.379048087331731262079e0
-0.123786659111799680628e1 0.100816514841763298093e0
-0.551515406538330025708e0 0.379048087333551078919e0
-0.123786659111617698941e1 0.100816514843112714440e0
-0.551515406536980609307e0 0.379048087331731262107e0
-0.705575465949007431382e-11 -0.170971852336531775466e-10

-0.123786659111797226656e1 0.100816514842621692016e0
-0.551515406537471631785e0 0.379048087333526539250e0
-0.123786659111739835845e1 0.100816514841926963724e0
-0.551515406538166360023e0 0.379048087332952631087e0
-0.123786659111797226656e1 0.100816514842621691962e0
-0.551515406537471631731e0 0.379048087333526539250e0
0.683740397221253472497e-11 -0.459931821368594931683e-12

0.105110677396861455465e1 -0.781913932372969227441e0
-0.424556497313152171320e-1 0.107149159149827675401e1
0.105110677396861379711e1 -0.781913932372971893765e0
-0.424556497313130634457e-1 0.107149159149827668310e1
0.105110677396861478395e1 -0.781913932372970467064e0
-0.424556497313145496972e-1 0.107149159149827611758e1
-0.170400926415184118671e1 0.162309125446964434879e1

2.736615432056286e+53 -6.383288290506758e+52
-2.913021924275323e+53 6.376946826736542e+52
2.796824619801033e+53 -2.031966413296792e+52
-2.320522850012609e+53 1.574385763255693e+53
4.458008672085382e-01 -1.181758650369958e+00
1.868587824381442e+00 -7.303362858794684e-01
7.053609173380321e-02 9.354803401356311e-01

1.168400788936843e+00 -1.934748127428552e+00
-1.809783195270932e+00 -6.769554117568821e-01
6.502659506483627e-01 -1.138381895830112e+00
-8.452662007042979e-01 -1.610662756180638e+00
6.502659506483623e-01 -1.138381895830112e+00
-8.452662007042975e-01 -1.610662756180638e+00
1.538085714516809e+57 6.463142034278513e+56

5.442853724953089e+56 2.992539205046618e+56
2.000941876681636e+56 3.029732288571976e+56
2.053682072182461e+56 -3.562993568143301e+56
2.955938264972269e+53 4.112483979623891e+56
6.196702546903479e-01 -1.326013667981193e-01
-2.459538252768546e-01 2.359700797642897e-01
-1.640384910732566e-01 1.043907484586786e+00

0.214759652933959934302e60 0.713879398063037190895e58
-0.180191261232425137099e60 -0.107363265660250021161e60
-0.161206469206869951461e58 -0.389524615050268919011e58
-0.334371205112677684118e58 -0.256734977429452192026e58
0.225523304535093470466e1 -0.368093012290966693149e-1
-0.201945048514619876403e1 -0.373487229565200649743e-1
-0.169293520631127416165e1 0.506366798886786846547e0

-4.324877754813489e+52 -5.156851665792710e+53
3.272364100474346e+51 5.651149697330241e+53
7.692157224705453e-01 1.275338795569754e-01
-7.270111233410035e-01 9.214481763649996e-01
1.361436364193581e+53 -5.232423224897681e+53
1.437173135421277e+53 5.212129618209880e+53
7.502223573144728e-02 7.829088805779315e-01

-0.189764806035098717262e1 0.883429143841506089255e-1
-0.165438405116679271485e1 -0.672907022092372993430e-1
-0.189764806035103070561e1 0.883429143838819729549e-1
-0.165438405116652407904e1 -0.672907022092808322286e-1
-0.189764806035098717262e1 0.883429143841506089798e-1
-0.165438405116679271485e1 -0.672907022092372992888e-1
-0.208071280419843345448e-12 0.202936748418578759886e-11

-0.189764806035089544727e1 0.883429143832946718595e-1
-0.165438405116593677789e1 -0.672907022091455739418e-1
-0.189764806035106152124e1 0.883429143841668378058e-1
-0.165438405116680894373e1 -0.672907022093116479649e-1
-0.189764806035089544727e1 0.883429143832946718595e-1
-0.165438405116593677778e1 -0.672907022091455739960e-1
0.247214450999273644001e-11 -0.200544046857041762740e-11

-0.189764806035115183875e1 0.883429143833477980370e-1
-0.165438405116598990390e1 -0.672907022094019654753e-1
-0.189764806035097613858e1 0.883429143841493665925e-1
-0.165438405116679147257e1 -0.672907022092262652548e-1
-0.189764806035115183864e1 0.883429143833477980370e-1
-0.165438405116598990390e1 -0.672907022094019653669e-1
-0.141471037739698669636e-13 -0.774010522626093262149e-12

-3.283587565117302e+56 -1.684421295608120e+56
-2.297191444520477e+56 -2.073433351196891e+56
-3.596610444274599e+56 6.845509789714551e+56
-6.537510907115516e+56 4.130080157610573e+56
-1.499367372409239e+00 -4.443402089976258e-01
-2.125817023606398e-01 8.295128938433485e-01
-2.045797481175432e-01 -9.498415243046037e-01

-0.660120093595900905511e-1 0.663351065345181460176e0
0.169781625969570322380e1 -0.153197139331833208668e-2
-0.660120093595900905240e-1 0.663351065345181460176e0
0.169781625969570322380e1 -0.153197139331833208668e-2
-0.660120093593123501960e-1 0.663351065344958429110e0
0.169781625969592625503e1 -0.153197139304059174510e-2
0.100000000000010560747e1 0.958701027635802671689e-13

-0.660120093593241677693e-1 0.663351065344844230312e0
0.169781625969604045372e1 -0.153197139305240944036e-2
-0.660120093593241677896e-1 0.663351065344844230366e0
0.169781625969604045383e1 -0.153197139305240938615e-2
-0.660120093594010524485e-1 0.663351065345070730554e0
0.169781625969581395359e1 -0.153197139312929401112e-2
0.999999999999841252582e0 0.121576604035847357643e-13

-0.660120093592934934672e-1 0.663351065344825711976e0
0.169781625969605897222e1 -0.153197139302173508408e-2
-0.660120093592934935011e-1 0.663351065344825711922e0
0.169781625969605897222e1 -0.153197139302173508408e-2
-0.660120093594112138894e-1 0.663351065345077039689e0
0.169781625969580764451e1 -0.153197139313945553335e-2
0.999999999999608379128e0 -0.273637164901856244636e-12

-2.692937979072962e+00 2.085225726429822e-01
2.726451494341077e+00 1.342591284249639e-01
-2.692937979072979e+00 2.085225726429755e-01
2.726451494341074e+00 1.342591284249898e-01
-2.692937979072965e+00 2.085225726429931e-01
2.726451494341086e+00 1.342591284249781e-01
2.865908257392008e-02 7.582049395701638e-01

2.923138208167695e+56 -2.409472029703127e+56
-1.279062539387565e+56 -1.703017013993027e+56
-1.566578167636155e+00 -3.687873356759158e-03
-4.859814994201843e-01 -2.972875324313287e-01
4.021109424373705e+56 3.787568911390047e+56
1.588598457209626e+56 5.290685608034804e+56
4.804185296253149e-01 -2.077101225101705e-01

7.044749597878034e-01 2.606155415653321e-01
-1.921273453035620e+00 1.188516558059938e-02
2.310666183414394e+00 4.885951600769500e-02
-1.537153504995848e+00 -2.166576098077707e-01
2.310666183414395e+00 4.885951600769556e-02
-1.537153504995847e+00 -2.166576098077708e-01
-6.599148648303896e+57 3.507704421036828e+57

-0.660120093594249175001e-1 -0.663351065345063714573e0
0.169781625969582096946e1 0.153197139315315911698e-2
-0.660120093593629399774e-1 -0.663351065345003979967e0
0.169781625969588070434e1 0.153197139309118159425e-2
-0.660120093594249175001e-1 -0.663351065345063714519e0
0.169781625969582096946e1 0.153197139315315911359e-2
0.282075631770539201424e-12 -0.544612293630262551858e-14

-0.660120093587421682193e-1 -0.663351065346181266100e0
0.169781625969470341799e1 0.153197139247040980904e-2
-0.660120093596298296778e-1 -0.663351065343586731053e0
0.169781625969729795303e1 0.153197139335807124049e-2
-0.660120093587421682193e-1 -0.663351065346181266208e0
0.169781625969470341799e1 0.153197139247040982259e-2
0.201878081195089974930e-10 -0.252202579932429383480e-11

-0.660120093593686594488e-1 -0.663351065345097870194e0
0.169781625969578681395e1 0.153197139309690101821e-2
-0.660120093593874690758e-1 -0.663351065344995596427e0
0.169781625969588908771e1 0.153197139311571063841e-2
-0.660120093593686594488e-1 -0.663351065345097870194e0
0.169781625969578681384e1 0.153197139309690104870e-2
0.718429776926355826820e-12 0.429787032547580458298e-12

2.605525997611475e+55 3.139521527117697e+55
1.147614342838474e+56 -5.374922228840132e+54
2.131497526733378e+55 2.274226417271909e+55
2.983044214890762e+55 9.037890879484534e+54
1.383237285502934e-01 -4.146086209586898e-01
-1.167510339123124e+00 1.051137398019943e+00
6.749542943720148e-02 -2.557093901741517e-02

-0.150873953792036259519e1 -0.256895392154948045142e-1
-0.516686526446650700286e0 -0.374520214732895898236e0
-0.150873953792008568410e1 -0.256895392154499905455e-1
-0.516686526446605886252e0 -0.374520214733172809217e0
-0.150873953792036259519e1 -0.256895392154948045685e-1
-0.516686526446650700340e0 -0.374520214732895898263e0
0.315876502851378329916e-12 -0.453227175493510997969e-12

-0.150873953792007945709e1 -0.256895392153085339189e-1
-0.516686526446464429690e0 -0.374520214733179036359e0
-0.150873953792018003625e1 -0.256895392155121283201e-1
-0.516686526446668023993e0 -0.374520214733078457119e0
-0.150873953792007945698e1 -0.256895392153085339189e-1
-0.516686526446464429636e0 -0.374520214733179036359e0
0.615894394117368032974e-12 -0.340946105741276539426e-12

-0.150873953792015851310e1 -0.256895392153647624867e-1
-0.516686526446520658312e0 -0.374520214733099980430e0
-0.150873953792015363007e1 -0.256895392154935017234e-1
-0.516686526446649397454e0 -0.374520214733104863297e0
-0.150873953792015851288e1 -0.256895392153647624325e-1
-0.516686526446520658204e0 -0.374520214733099980376e0
0.230802543635357083442e-12 0.177287825193439216276e-12

-1.101376468766301e+59 -1.118970991687619e+59
-2.044583393526716e+58 -5.955767079674359e+58
6.907699440902838e-01 -8.710726799709997e-02
-4.177244573865856e-01 2.191096329687459e-01
-7.183102147036948e+58 -3.030197623458347e+58
7.735847749041714e+58 -9.673229531163132e+57
1.801347823174291e-01 -1.394849538052576e+00

2.560628920204008e+00 1.972036932071705e-01
7.480496294536551e-01 -9.421174880239293e-01
2.355090143627826e+00 -1.017494643010429e-01
2.843148443496079e+00 -1.300789410612513e-02
2.355090143627826e+00 -1.017494643010428e-01
2.843148443496079e+00 -1.300789410612513e-02
2.973575389395726e+57 -1.926622104648738e+57

2.928359850987438e+00 -3.630537614423444e-01
-5.521473528242937e-01 -8.752318009318430e-02
1.852197154631048e+00 -6.501582257538274e-03
-3.427316777465687e-01 6.322558705625119e-01
1.852197154631047e+00 -6.501582257538340e-03
-3.427316777465685e-01 6.322558705625116e-01
4.198158207950661e+56 -1.855598258268635e+56

-4.227215199215079e+57 -8.130565110655628e+56
7.781173660901660e+56 1.306526532394749e+58
8.824993415356436e+56 1.975911764459579e+58
1.064382567089081e+58 1.667064816581748e+58
1.510096136512258e+00 -2.328737708586358e-02
-3.609922877993756e-01 8.998231337714997e-01
-2.220267430914676e-01 5.209015978944815e-01

1.909820636269431e+53 1.451805574486670e+53
-1.333649247841646e+53 -9.080999676370886e+52
2.302073779303995e+53 7.562500567737219e+52
-1.615529345876450e+53 -1.805968650431464e+53
7.933687152284677e-01 1.372571358743763e-03
-7.036310930433474e-01 7.777051332288195e-01
4.160045960197201e-02 9.173380221230301e-01

-1.482563716758967e+56 -5.619472044358921e+56
-1.664472578111478e+56 4.566891283331055e+56
-2.587481540749718e+00 2.382520168170783e-01
-1.956584375874092e+00 1.024310033631206e+00
5.481172957929542e+55 -7.993379953915461e+55
8.743525001061008e+55 -4.181883623227304e+55
1.217298927587594e+01 -8.692810566373504e+00

-9.883682813585649e-01 -2.625523794476686e-02
-4.186048519710280e-01 9.379969077503271e-01
-1.496000319821735e+00 2.180584941492503e-02
-5.134326039143116e-01 3.868110246974987e-01
-1.496000319821736e+00 2.180584941492469e-02
-5.134326039143118e-01 3.868110246974988e-01
3.222970679509290e+56 4.400474483029804e+56

6.587158801483487e+56 4.678321104278454e+55
-7.281293961462478e+56 -6.148248842130833e+53
-1.522309086147023e+00 2.525383980892486e-01
-6.386455705277542e-01 5.040490087753570e-01
6.464435282278809e+56 2.462469385372544e+56
-6.829599868260149e+56 1.099656597365329e+56
4.633670736214118e-02 7.889442633228532e-01

0.925504425676163293180054502877e0 -0.212537245110748778877953843091e0
-0.366080262092674093531175903911e0 0.729584969741894664717383888483e0
0.925504425676163293180054512570e0 -0.212537245110748778877953828807e0
-0.366080262092674093531175918206e0 0.729584969741894664717383898189e0
0.925504425676184630769297652412e0 -0.212537245110745413970627292159e0
-0.366080262092677458438502455033e0 0.729584969741916002306627038334e0
0.100000000000072630232383102340e1 0.822409508854752751277743365871e-12

0.925504425676177832359676046204e0 -0.212537245110745408905438847719e0
-0.366080262092677463503690899492e0 0.729584969741909203897005432151e0
0.925504425676177832359676046292e0 -0.212537245110745408905438847753e0
-0.366080262092677463503690899467e0 0.729584969741909203897005432239e0
0.925504425676179629032811688958e0 -0.212537245110747578462467332741e0
-0.366080262092675293946662414480e0 0.729584969741911000570141074892e0
0.100000000000005421680472147529e1 0.358374918636875071733548893562e-13

0.925504425676176564821886688835e0 -0.212537245110745139260103267010e0
-0.366080262092677733149026480204e0 0.729584969741907936359216074756e0
0.925504425676176564821886689112e0 -0.212537245110745139260103266912e0
-0.366080262092677733149026480305e0 0.729584969741907936359216075047e0
0.925504425676180024341241846040e0 -0.212537245110747608950086697412e0
-0.366080262092675263459043049805e0 0.729584969741911395878571231987e0
0.100000000000007816789801056238e1 0.760471441174214833429238000986e-13

-4.073796365626053e+57 1.478759656820073e+57
1.172338567316900e+57 4.419167073143801e+56
-1.083691654617458e-01 8.666955464397579e-01
1.045798517604318e+00 1.665702901301527e-01
2.283010894782709e+57 -3.632636777786275e+57
3.793463820891605e+57 -2.004450284893207e+57
-1.518104211236222e-01 1.891553719645216e-01

1.183996473978526e+00 -1.278204350031387e-01
-8.953389612224828e-01 6.282129975314624e-02
8.560814546018896e-01 -4.076488017179349e-02
-1.003749642813551e+00 1.144718490699293e-01
8.560814546018898e-01 -4.076488017179347e-02
-1.003749642813551e+00 1.144718490699294e-01
-4.679028183020173e+56 -7.586018512058036e+56

-0.139868252014617543613e0 -0.504597648043538173036e0
-0.110980835608481331097e1 0.112883925869092050171e1
-0.139868252014617502278e0 -0.504597648043538084999e0
-0.110980835608481318152e1 0.112883925869092025343e1
-0.139868252014617499445e0 -0.504597648043538079795e0
-0.110980835608481326999e1 0.112883925869092037984e1
0.236911413564733234626e0 -0.104918407853784342062e1

0.292962338002295920878e1 0.239121552565986285094e0
0.285732813374582396470e1 -0.234245640865892136941e0
0.292962338002352871134e1 0.239121552566099252618e0
0.285732813374593693227e1 -0.234245640866461639449e0
0.292962338002295920899e1 0.239121552565986285311e0
0.285732813374582396535e1 -0.234245640865892136725e0
0.181905311979134863100e-12 -0.102442948638354049157e-12

0.292962338002345063599e1 0.239121552566289236768e0
0.285732813374612691637e1 -0.234245640866383564044e0
0.292962338002336637939e1 0.239121552565999982633e0
0.285732813374583766251e1 -0.234245640866299307278e0
0.292962338002345063599e1 0.239121552566289236768e0
0.285732813374612691637e1 -0.234245640866383563936e0
-0.254672793692974673802e-12 -0.167496960950790198670e-12

0.292962338002358389072e1 0.239121552566360476982e0
0.285732813374619815691e1 -0.234245640866516818671e0
0.292962338002332151250e1 0.239121552565976144659e0
0.285732813374581382437e1 -0.234245640866254440390e0
0.292962338002358389072e1 0.239121552566360477091e0
0.285732813374619815691e1 -0.234245640866516818780e0
-0.828956031877578110931e-13 0.920806636050914016925e-14

0.175881455386000583850e1 0.754237627692835445694e-2
-0.341593252587173080612e0 -0.747242707454607412300e0
0.175881455386003895578e1 0.754237627665526016562e-2
-0.341593252586899986321e0 -0.747242707454574295128e0
0.175881455386000583850e1 0.754237627692835453826e-2
-0.341593252587173080612e0 -0.747242707454607412300e0
0.131417635279576829602e-11 0.146472449593064527348e-13

0.175881455385996773822e1 0.754237627586489744948e-2
-0.341593252586109623619e0 -0.747242707454645512736e0
0.175881455386005167130e1 0.754237627700980967169e-2
-0.341593252587254535827e0 -0.747242707454561579388e0
0.175881455385996773822e1 0.754237627586489749014e-2
-0.341593252586109623619e0 -0.747242707454645512790e0
0.184646004050117631315e-11 -0.327274020359085272675e-11

0.175881455386040602804e1 0.754237627742402365002e-2
-0.341593252587668749819e0 -0.747242707454207222761e0
0.175881455385990558037e1 0.754237627649011568333e-2
-0.341593252586734841812e0 -0.747242707454707670318e0
0.175881455386040602815e1 0.754237627742402363647e-2
-0.341593252587668749873e0 -0.747242707454207222815e0
0.103812791078538604910e-11 -0.139710635708949078973e-11

0.614360484932951144611469648224e0 -0.218211712710059351065210813982e0
-0.111025501080237057398843747004e1 0.769640033346562485697701483298e0
0.614360484932956862705403426269e0 -0.218211712710082398361814408658e0
-0.111025501080239362128504106470e1 0.769640033346556767603767704912e0
0.614360484932951144611469645851e0 -0.218211712710059351065210807308e0
-0.111025501080237057398843746341e1 0.769640033346562485697701485734e0
0.531869981867834555282810270373e-12 0.213107650812782070289621886100e-12

0.614360484932944741208524424324e0 -0.218211712710131185168199187764e0
-0.111025501080244240809142584012e1 0.769640033346568889100646709090e0
0.614360484932964475278951931507e0 -0.218211712710054479807963355996e0
-0.111025501080236570273119001172e1 0.769640033346549155030219199989e0
0.614360484932944741208524462114e0 -0.218211712710131185168199276252e0
-0.111025501080244240809142592865e1 0.769640033346568889100646671313e0
0.177243623222603933596836675974e-11 0.115942686787242125016291503866e-11

0.614360484932886965146039167131e0 -0.218211712710140414911875424197e0
-0.111025501080245163783510207010e1 0.769640033346626665163131959013e0
0.614360484932955093211568100991e0 -0.218211712710062104408611934418e0
-0.111025501080237332733183858794e1 0.769640033346558537097603029685e0
0.614360484932886965146039021981e0 -0.218211712710140414911874489946e0
-0.111025501080245163783510113586e1 0.769640033346626665163132104176e0
0.344650213727494963178718151659e-11 -0.107007307458091246611471369096e-10

-7.258507322228842e-02 -1.497327509314109e-01
-5.629739083625108e-01 7.992549886600637e-01
-2.459011945725342e-01 -1.842765955455410e-02
2.264740371753134e-01 -3.519421593691119e-03
-2.459011945725342e-01 -1.842765955455408e-02
2.264740371753135e-01 -3.519421593691077e-03
-8.784678416615959e+57 4.815571647990824e+57

-2.516816442256043e+54 -2.160624849110030e+53
2.106157953175691e+54 5.258298295966632e+53
-7.875502731056584e+53 -1.475486747286607e+53
-6.082642059025425e+53 -5.215560371625764e+53
7.524000101251753e-01 4.875718304660844e-02
-7.532722921575948e-01 8.432591665574816e-01
-4.107526376678189e-02 8.058671903359933e-01

6.197819878472967e+56 -7.688431628849677e+55
8.083521197178490e+56 4.894152210084124e+56
-1.288244858350867e+00 -4.720754230570548e-02
-5.749864671472663e-01 -4.327530197746302e-01
1.726991696089687e+57 -2.550612600752092e+57
2.770924981314489e+57 -1.345399459419164e+57
3.872944957144334e-01 1.938705697624719e-01

-1.853845329572618e+00 -3.939950949322529e+00
-7.230147663495567e-01 4.306102281210285e+00
-1.853845329572616e+00 -3.939950949322529e+00
-7.230147663495583e-01 4.306102281210281e+00
-1.853845329572618e+00 -3.939950949322530e+00
-7.230147663495574e-01 4.306102281210283e+00
-9.108841072138774e-02 8.611857858123902e-01

-1.132846588937812e+00 -2.674061468809434e+00
-3.478066819985770e+00 9.080230386741884e-01
-9.519945983902801e-01 -6.603320345753280e-01
-1.516788761806446e+00 -8.472036788368530e-01
-9.519945983902799e-01 -6.603320345753274e-01
-1.516788761806446e+00 -8.472036788368529e-01
-1.719204782662667e+45 -2.930164138740588e+45

9.793759753733682e+59 8.355156215223181e+59
3.405068551766267e+58 1.227801312160100e+60
1.803692369707924e+00 1.823924765854374e-01
-5.221558527591267e-01 -7.703382794676777e-01
7.016830528492896e+59 9.597695030301500e+59
1.277905976574288e+59 1.182026297826320e+60
-7.918074468670344e-02 -1.044151473428959e-01

-5.333893901576953e+53 -1.621333515562216e+54
-7.980860184306089e+53 5.889671462046967e+53
-2.637000586283336e+53 2.123950959305871e+53
-1.221734017862892e+53 3.157895780292882e+53
-1.143862569153271e+00 -1.380999857292933e-01
-1.133430696790822e+00 -4.416204264495660e-01
2.557607853455268e+00 -7.295342770868313e-01

0.292962338002323270940e1 -0.239121552566011799624e0
0.285732813374584947944e1 0.234245640866165637565e0
0.292962338002323270962e1 -0.239121552566011799732e0
0.285732813374584947944e1 0.234245640866165637456e0
0.292962338002343799658e1 -0.239121552566091942222e0
0.285732813374592962215e1 0.234245640866370924307e0
0.999999999999951380255e0 0.271142415702967098934e-12

0.292962338002324754562e1 -0.239121552566136528627e0
0.285732813374597420823e1 0.234245640866180473354e0
0.292962338002324754541e1 -0.239121552566136528518e0
0.285732813374597420845e1 0.234245640866180473462e0
0.292962338002343264539e1 -0.239121552566050481572e0
0.285732813374588816139e1 0.234245640866365573336e0
0.999999999999930779980e0 0.111383992307256818322e-12

0.292962338002318617761e1 -0.239121552565903392525e0
0.285732813374574107224e1 0.234245640866119105667e0
0.292962338002318617783e1 -0.239121552565903392417e0
0.285732813374574107267e1 0.234245640866119105667e0
0.292962338002345361885e1 -0.239121552566128594761e0
0.285732813374596627425e1 0.234245640866386546685e0
0.100000000000005753666e1 0.175695937833231230485e-12

-3.317606396944066e-01 5.802823751160491e-01
4.458298755342270e-01 2.241331508084971e-01
-3.317606396944069e-01 5.802823751160494e-01
4.458298755342269e-01 2.241331508084969e-01
-3.317606396944070e-01 5.802823751160494e-01
4.458298755342271e-01 2.241331508084971e-01
1.430083009501648e+00 -1.218008730560422e+00

1.118653841844052e+00 -6.690232475456190e-01
-6.074564267012510e-01 -3.708161386364526e-01
7.234227606414678e-01 1.375557174587778e-01
-9.902639353179329e-01 -6.317874412523546e-01
7.234227606414676e-01 1.375557174587776e-01
-9.902639353179329e-01 -6.317874412523548e-01
-1.666994406308058e+57 2.100975250850278e+57

-2.218001467090729e+00 1.691304627132401e+00
2.787428175040910e-01 4.189439497853257e+00
-1.769270588836373e+00 -8.114217152969806e-01
2.676913431165989e+00 3.518197471474635e-01
-1.769270588836373e+00 -8.114217152969805e-01
2.676913431165989e+00 3.518197471474637e-01
-1.904518836493324e+57 -7.389863373242050e+57

-8.150977004022267e+54 1.184367961370923e+55
-1.108175009780932e+55 5.165594103678621e+54
-2.882935415785614e+53 1.569614200129785e+53
1.711888207475303e+53 -2.800793479345993e+53
3.215863199792681e+00 -6.666006708191581e-01
-2.221406922273681e+00 1.786015170051731e+00
-1.988868419596366e+00 3.436059102774933e-01

0.292962338002336570263e1 0.239121552566175368110e0
0.285732813374601304782e1 -0.234245640866298630574e0
0.292962338002336570284e1 0.239121552566175368218e0
0.285732813374601304804e1 -0.234245640866298630574e0
0.292962338002339156345e1 0.239121552566030481403e0
0.285732813374586816155e1 -0.234245640866324491289e0
0.999999999999642733809e0 0.863305602135863714430e-13

0.292962338002480218507e1 0.239121552564421505321e0
0.285732813374425918514e1 -0.234245640867735113017e0
0.292962338002480218485e1 0.239121552564421505375e0
0.285732813374425918492e1 -0.234245640867735113017e0
0.292962338002317401633e1 0.239121552566357613171e0
0.285732813374619529266e1 -0.234245640866106944280e0
0.100000000000669560804e1 -0.336397045202357913851e-11

0.292962338002392092039e1 0.239121552566056402942e0
0.285732813374589408287e1 -0.234245640866853848446e0
0.292962338002392092061e1 0.239121552566056403051e0
0.285732813374589408287e1 -0.234245640866853848392e0
0.292962338002320761749e1 0.239121552566083391336e0
0.285732813374592107105e1 -0.234245640866140545440e0
0.999999999999833200917e0 0.174361705087243412660e-12

2.459356574665000e-01 -1.388322895207622e+00
1.677856506234486e+00 -9.479960788571442e-01
2.459356574665000e-01 -1.388322895207624e+00
1.677856506234485e+00 -9.479960788571412e-01
2.459356574664999e-01 -1.388322895207624e+00
1.677856506234485e+00 -9.479960788571412e-01
-2.291421138025859e+00 1.070093142024879e-01

-0.123786659111750145469e1 -0.100816514842335177362e0
-0.551515406537758146412e0 -0.379048087333055727275e0
-0.123786659111750145458e1 -0.100816514842335177334e0
-0.551515406537758146304e0 -0.379048087333055727221e0
-0.123786659111755531883e1 -0.100816514842022426018e0
-0.551515406538070897648e0 -0.379048087333109591415e0
0.100000000000011812751e1 0.457031602233565203974e-13

-0.123786659111752736875e1 -0.100816514842201602854e0
-0.551515406537891720879e0 -0.379048087333081641388e0
-0.123786659111752736897e1 -0.100816514842201602868e0
-0.551515406537891720988e0 -0.379048087333081641442e0
-0.123786659111754648475e1 -0.100816514842066556814e0
-0.551515406538026766933e0 -0.379048087333100757390e0
0.100000000000007899432e1 -0.367302108866818244337e-12

-0.123786659111763477274e1 -0.100816514842357061901e0
-0.551515406537736261900e0 -0.379048087333189045463e0
-0.123786659111763477274e1 -0.100816514842357061888e0
-0.551515406537736261846e0 -0.379048087333189045436e0
-0.123786659111751685437e1 -0.100816514841998898993e0
-0.551515406538094424781e0 -0.379048087333071127012e0
0.100000000000153944284e1 0.110295210735845278238e-11

0.175881455385999121139996246000e1 -0.754237627671027668278064589513e-2
-0.341593252586955002852989286516e0 0.747242707454622039471297464799e0
0.175881455386004376755815459676e1 -0.754237627673751102702581829982e-2
-0.341593252586982237197234456031e0 0.747242707454569483313105329607e0
0.175881455385999121139996246389e1 -0.754237627671027668278065508023e-2
-0.341593252586955002852989295692e0 0.747242707454622039471297460874e0
-0.168700285387399462008558296442e-12 0.238848717651576909793554170319e-12

0.175881455385952272343e1 -0.754237627636669100248e-2
-0.341593252586611417158e0 0.747242707455090527638e0
0.175881455386020007830e1 -0.754237627684278621283e-2
-0.341593252587087512395e0 0.747242707454413172656e0
0.175881455385952272343e1 -0.754237627636669097029e-2
-0.341593252586611417158e0 0.747242707455090527638e0
0.375455997025335800149e-11 0.453351534391500743689e-12

0.175881455385943771211e1 -0.754237627663233926433e-2
-0.341593252586877065420e0 0.747242707455175538575e0
0.175881455386022838075e1 -0.754237627675395015626e-2
-0.341593252586998676285e0 0.747242707454384870100e0
0.175881455385943771211e1 -0.754237627663233925247e-2
-0.341593252586877065420e0 0.747242707455175538629e0
0.137667579948439541639e-11 0.312729628432186073969e-12

0.232941831309002082210e1 0.259583346276240666591e-1
-0.190475043540716045887e1 0.112097425305607966420e0
0.232941831309002073212e1 0.259583346276241649963e-1
-0.190475043540716039783e1 0.112097425305607830814e0
0.232941831309002065232e1 0.259583346276240186832e-1
-0.190475043540716030025e1 0.112097425305607991547e0
0.441710919028368896269e0 0.655981423060513242542e0

-0.123786659111748974704e1 -0.100816514842618612543e0
-0.551515406537474711191e0 -0.379048087333044019762e0
-0.123786659111755919312e1 -0.100816514841927964687e0
-0.551515406538165359142e0 -0.379048087333113465649e0
-0.123786659111748974693e1 -0.100816514842618612502e0
-0.551515406537474711136e0 -0.379048087333044019735e0
0.116849464422794475796e-11 -0.233565434165458370390e-11

-0.123786659111709234466e1 -0.100816514842150354197e0
-0.551515406537942969598e0 -0.379048087332646617300e0
-0.123786659111769170821e1 -0.100816514842084010856e0
-0.551515406538009312905e0 -0.379048087333245980796e0
-0.123786659111709234455e1 -0.100816514842150354149e0
-0.551515406537942969544e0 -0.379048087332646617300e0
0.342818769715560108319e-12 0.710441486295864830259e-12

-0.123786659111820570938e1 -0.100816514842169024856e0
-0.551515406537924298878e0 -0.379048087333759981964e0
-0.123786659111732058765e1 -0.100816514842077848115e0
-0.551515406538015475727e0 -0.379048087332874860262e0
-0.123786659111820570938e1 -0.100816514842169024788e0
-0.551515406537924298878e0 -0.379048087333759981909e0
0.201984026247428544784e-11 -0.131825547118885875457e-11

8.430991765731506e+54 -8.037728613646535e+54
5.171580497728971e+55 1.625617395829621e+55
-2.150808986375074e+55 -2.353484526516302e+55
3.039397484146824e+55 9.627728941891716e+54
-1.705060693842769e-01 2.125500564628954e-01
1.930455331237175e+00 -2.043968970571886e-02
2.984082017449201e-01 8.629575840720141e-01

0.760835645204510043156694599088e0 -0.172932581540894806888433112738e0
-0.387255356488557731946803266459e0 0.481989686406314425378247253780e0
0.760835645204510042989783865084e0 -0.172932581540894806803425178548e0
-0.387255356488557732054397313563e0 0.481989686406314425234468810843e0
0.760835645204510043034132509689e0 -0.172932581540894806899783372377e0
-0.387255356488557731981341802905e0 0.481989686406314425289897893642e0
0.893749439725468059295865801687e-1 -0.186041438105766610612393196197e1

-0.150873953791942780453e1 0.256895392145188523122e-1
-0.516686526445674748002e0 0.374520214733830688648e0
-0.150873953791942780475e1 0.256895392145188523393e-1
-0.516686526445674748056e0 0.374520214733830688676e0
-0.150873953792039725626e1 0.256895392157752586139e-1
-0.516686526446931154331e0 0.374520214732861237133e0
0.999999999994523160857e0 -0.756169500387877946412e-12

-0.150873953792001848134e1 0.256895392154653215335e-1
-0.516686526446621217251e0 0.374520214733240011944e0
-0.150873953792001848134e1 0.256895392154653215877e-1
-0.516686526446621217196e0 0.374520214733240011971e0
-0.150873953792020035496e1 0.256895392154597491409e-1
-0.516686526446615644831e0 0.374520214733058138439e0
0.999999999999197837790e0 0.386188558345809673789e-12

-0.150873953792022126781e1 0.256895392153121242138e-1
-0.516686526446468019917e0 0.374520214733037225399e0
-0.150873953792022126802e1 0.256895392153121242544e-1
-0.516686526446468019972e0 0.374520214733037225453e0
-0.150873953792012896122e1 0.256895392155184929494e-1
-0.516686526446674388694e0 0.374520214733129532122e0
0.999999999997922558916e0 -0.898663237466727771174e-12

3.697769385642395e+00 -3.001415344894227e+00
-4.921461571776437e+00 -5.680572574558104e-02
-2.002500547037274e+00 1.060119931302488e-01
-1.417638936683069e+00 4.025425805815517e-01
-2.002500547037274e+00 1.060119931302490e-01
-1.417638936683069e+00 4.025425805815515e-01
-3.897694109867905e+42 -6.305805654263844e+41

2.632061022226363e+00 2.148087292471945e-01
8.245846781345331e-01 -9.705671052299870e-01
2.035882130772629e+00 -4.050610627473116e-01
2.799153782331989e+00 -1.351669958061221e-01
2.035882130772630e+00 -4.050610627473118e-01
2.799153782331989e+00 -1.351669958061225e-01
-2.345599805676117e+57 1.803128146760895e+57

1.997945431642987e+00 -2.389975861665874e-01
1.396151083428325e-01 -6.534599706936820e-01
1.997945431642997e+00 -2.389975861665913e-01
1.396151083428219e-01 -6.534599706936869e-01
1.997945431642997e+00 -2.389975861665886e-01
1.396151083428212e-01 -6.534599706936823e-01
-7.344748895806583e-01 3.444040912500574e-01

9.375368472165776e+55 1.824647529884920e+56
6.341459609710630e+55 -8.273053655931576e+55
5.838002130904119e+55 1.104790079366798e+56
4.680922441233376e+54 -1.248676381125879e+56
-1.174172368902153e+00 -1.228306455284440e-01
-1.127782661927500e+00 -3.793730098821685e-01
7.468961261934421e-01 2.080718667855987e-01

-3.865359309927188e+55 -2.603774226443566e+56
-8.197634501010548e+55 1.303488618512421e+56
-5.831742129727612e+55 -1.357307437861500e+56
-1.736100356643423e+55 1.467049828420008e+56
-1.606511423488157e+00 -8.526440874419861e-02
-6.457598860285292e-01 -2.935508328970560e-01
8.111786330912327e-01 6.535820928350017e-02

-0.278676325418744684536e1 -0.219941248528689719827e0
0.272803057245353859899e1 -0.218588952924637943570e0
-0.278676325418743248813e1 -0.219941248528860114884e0
0.272803057245370899416e1 -0.218588952924623586646e0
-0.278676325418744684536e1 -0.219941248528689719936e0
0.272803057245353859921e1 -0.218588952924637943678e0
-0.729161232211914827518e-12 0.108891493962628663010e-11

-0.278676325418741459273e1 -0.219941248528787785263e0
0.272803057245363666443e1 -0.218588952924605691265e0
-0.278676325418760361817e1 -0.219941248528777260696e0
0.272803057245362614008e1 -0.218588952924794716466e0
-0.278676325418741459294e1 -0.219941248528787785372e0
0.272803057245363666464e1 -0.218588952924605691265e0
-0.141572192044928700987e-12 0.335117673106176909354e-12

-0.278676325418766611224e1 -0.219941248528651409760e0
0.272803057245350028936e1 -0.218588952924857210340e0
-0.278676325418750565855e1 -0.219941248528845380089e0
0.272803057245369425942e1 -0.218588952924696756808e0
-0.278676325418766611180e1 -0.219941248528651409760e0
0.272803057245350028892e1 -0.218588952924857210340e0
-0.467777009194947649244e-12 0.895387956745010133727e-12

-2.209632503004385e+00 1.790958557856681e+00
2.717348655412828e-01 4.384206507258128e+00
-1.145603175749298e+00 -6.870132686147860e-01
2.311633648162954e+00 3.594023590967309e-01
-1.145603175749298e+00 -6.870132686147857e-01
2.311633648162954e+00 3.594023590967309e-01
1.323158173179930e+58 -5.243323479481194e+57

1.046734534629431e+00 3.015056212131663e+00
2.589041200677585e+00 1.735748057139630e+00
8.951225846421730e-01 2.778209997666770e+00
2.640753102226729e+00 2.036612798810186e+00
8.951225846421734e-01 2.778209997666770e+00
2.640753102226729e+00 2.036612798810186e+00
-1.343826022642422e+55 -4.414944581177206e+55

0.230584206294748205592133794697e1 0.159142088471776378061027491726e0
-0.210806156690891233133838294977e1 0.134646400087298977052267161285e0
0.230584206294749482603457491034e1 0.159142088471779195481523336728e0
-0.210806156690891514875887879463e1 0.134646400087311747165504124597e0
0.230584206294748205592133795152e1 0.159142088471776378061027491360e0
-0.210806156690891233133838294942e1 0.134646400087298977052267165810e0
-0.426291646228919761578624467816e-12 0.152625222035166787061967626074e-12

0.230584206294751732684483376077e1 0.159142088471771855566097645302e0
-0.210806156690890780884345310296e1 0.134646400087334247975762976465e0
0.230584206294748138597961936129e1 0.159142088471789460391274928150e0
-0.210806156690892541366863038623e1 0.134646400087298307110548575786e0
0.230584206294751732684483375673e1 0.159142088471771855566097652408e0
-0.210806156690890780884345311007e1 0.134646400087334247975762972489e0
-0.239147644219658960632136955317e-12 0.308222961073638127707870861800e-12

0.230584206294749361936335644557e1 0.159142088471766368123746253841e0
-0.210806156690890232140110171159e1 0.134646400087310540494285659539e0
0.230584206294749244011616687524e1 0.159142088471786301430708325618e0
-0.210806156690892225470806378352e1 0.134646400087309361247096089507e0
0.230584206294749361936335644426e1 0.159142088471766368123746259274e0
-0.210806156690890232140110171699e1 0.134646400087310540494285658176e0
-0.436141450671015021832174920178e-12 -0.127112428934866869230075593796e-13

0.121692308591662756132e55 0.826636661499177888909e55
-0.271225754740766108101e55 0.752729656634827279253e55
0.372643146934378191593e1 -0.290492644083855506925e1
-0.154906790419108893392e1 0.419735724258421313837e1
0.116117506022297573701e55 0.784582516292077946085e55
-0.291730548106636730519e55 0.737527143485206503225e55
-0.316146057839083012347e0 -0.244820793491051304962e0

-0.205279399978770478660174056299e-2 -0.916917357657026255761449166836e0
0.105898904491212521748050734740e1 0.383256880791503317025941780196e0
-0.205279399978770478665411519681e-2 -0.916917357657026255761562263678e0
0.105898904491212521748051756611e1 0.383256880791503317025855767908e0
-0.205279399978770478665470814884e-2 -0.916917357657026255761561999454e0
0.105898904491212521748051598758e1 0.383256880791503317025852185659e0
0.798439670301688985998316103351e0 -0.474794319083738170426825632555e0

7.668920411682521e+57 -6.636835905305527e+58
2.780606753566806e+58 -4.734038330403999e+58
-4.362007586586785e+57 -1.063998618715223e+57
-4.309608690842218e+57 1.259553959894457e+57
2.629193807653053e+00 -8.361452450610214e-01
-1.500296474588626e+00 1.639229229136719e+00
-7.648423454598514e-01 -1.456642556216301e+00

-0.959466217998563196630228385906e0 -0.152917222773697461825544208229e0
-0.112406903471609440858739108382e1 -0.684072188520445097283819374518e0
-0.959466217998563196630228384984e0 -0.152917222773697461825544208014e0
-0.112406903471609440858739108360e1 -0.684072188520445097283819375452e0
-0.959466217998550159862979510203e0 -0.152917222773703531018429006743e0
-0.112406903471610047778027588237e1 -0.684072188520458134051068250309e0
0.100000000000005092144191091620e1 0.151163964857985393429856237759e-13

-0.959466217997952467908e0 -0.152917222773425434646e0
-0.112406903471582238143e1 -0.684072188521055826065e0
-0.959466217997952467908e0 -0.152917222773425434660e0
-0.112406903471582238143e1 -0.684072188521055826065e0
-0.959466217998544419797e0 -0.152917222774023420581e0
-0.112406903471642036728e1 -0.684072188520463874068e0
0.999999999994876017165e0 -0.846654127015233903819e-12

-0.959466217997756679427e0 -0.152917222773349120488e0
-0.112406903471574606726e1 -0.684072188521251614492e0
-0.959466217997756679536e0 -0.152917222773349120488e0
-0.112406903471574606726e1 -0.684072188521251614492e0
-0.959466217998806507675e0 -0.152917222773836077357e0
-0.112406903471623302419e1 -0.684072188520201786299e0
0.999999999997260249896e0 -0.437546952337421191093e-11

-0.189764806035093399933e1 0.883429143837618254648e-1
-0.165438405116640393122e1 -0.672907022091841259485e-1
-0.189764806035093399922e1 0.883429143837618254106e-1
-0.165438405116640393122e1 -0.672907022091841258401e-1
-0.189764806035104880051e1 0.883429143840115000405e-1
-0.165438405116665360585e1 -0.672907022092989274544e-1
0.100000000000051163164e1 -0.642743819864559362554e-12

-0.189764806035121987395e1 0.883429143839971653699e-1
-0.165438405116663927129e1 -0.672907022094700006253e-1
-0.189764806035121987374e1 0.883429143839971653157e-1
-0.165438405116663927118e1 -0.672907022094700006795e-1
-0.189764806035095625518e1 0.883429143839318743356e-1
-0.165438405116657398020e1 -0.672907022092063818001e-1
0.999999999996679698935e0 0.119032725570764746914e-11

-0.189764806035149906794e1 0.883429143844231543666e-1
-0.165438405116706526050e1 -0.672907022097491946109e-1
-0.189764806035149906794e1 0.883429143844231543124e-1
-0.165438405116706526040e1 -0.672907022097491946651e-1
-0.189764806035086021796e1 0.883429143837907946421e-1
-0.165438405116643290067e1 -0.672907022091103445812e-1
0.100000000000007480431e1 0.613360531527377961236e-12

-0.150873953792089220767e1 -0.256895392153947917427e-1
-0.516686526446550687406e0 -0.374520214732366285668e0
-0.150873953792089220778e1 -0.256895392153947917326e-1
-0.516686526446550687514e0 -0.374520214732366285668e0
-0.150873953791990909358e1 -0.256895392154832830230e-1
-0.516686526446639178794e0 -0.374520214733349399784e0
0.100000000000116367799e1 0.136699530276125635897e-11

-0.150873953792036841594e1 -0.256895392155889864465e-1
-0.516686526446744882109e0 -0.374520214732890077615e0
-0.150873953792036841583e1 -0.256895392155889864160e-1
-0.516686526446744882109e0 -0.374520214732890077534e0
-0.150873953792008367203e1 -0.256895392154186045629e-1
-0.516686526446574500280e0 -0.374520214733174821280e0
0.100000000000041994153e1 0.514323636848293408441e-12

-0.150873953792003065249e1 -0.256895392156484982495e-1
-0.516686526446804394021e0 -0.374520214733227840934e0
-0.150873953792003065238e1 -0.256895392156484982868e-1
-0.516686526446804394075e0 -0.374520214733227840961e0
-0.150873953792019645725e1 -0.256895392153987438223e-1
-0.516686526446554639594e0 -0.374520214733062036281e0
0.999999999999700247535e0 -0.288398441954974826817e-12

0.691582171692995903171534422850e0 -0.274561787240988067475129672700e-1
-0.861897361097286289301304492680e0 0.780559687198471775238687093459e0
0.691582171692995815665874020808e0 -0.274561787240987803706768245690e-1
-0.861897361097286288469022335637e0 0.780559687198471751392160780750e0
0.691582171692995771479806688845e0 -0.274561787240987657691538880032e-1
-0.861897361097286187759686574689e0 0.780559687198471696254462877488e0
0.472294319879596448529666524061e0 -0.354029963070023293536620960902e0

-0.278676325418755503720850412576e1 -0.219941248528778515150742252819e0
0.272803057245362739437506217074e1 -0.218588952924746135617528023868e0
-0.278676325418755503720850412434e1 -0.219941248528778515150742253368e0
0.272803057245362739437506217124e1 -0.218588952924746135617528022546e0
-0.278676325418755818980922295069e1 -0.219941248528770412358165772062e0
0.272803057245361929158248569003e1 -0.218588952924749288218246848771e0
0.999999999999934784326999794756e0 -0.173436334461567000550510150579e-12

-0.278676325418754090546744582286e1 -0.219941248528762897508139100705e0
0.272803057245361177673245901855e1 -0.218588952924732003876469719682e0
-0.278676325418754090546744586678e1 -0.219941248528762897508139084745e0
0.272803057245361177673245900264e1 -0.218588952924732003876469763681e0
-0.278676325418759983998879931276e1 -0.219941248528770811391178954642e0
0.272803057245361969061549887092e1 -0.218588952924790938397823208829e0
0.100000000000042677606878366331e1 -0.400107116431735644097997689057e-12

-0.278676325418755593304553060156e1 -0.219941248528778529366201556210e0
0.272803057245362740859052147408e1 -0.218588952924747031454554499693e0
-0.278676325418755593304553059999e1 -0.219941248528778529366201556216e0
0.272803057245362740859052147408e1 -0.218588952924747031454554498084e0
-0.278676325418755891928446000936e1 -0.219941248528771150004837873185e0
0.272803057245362002922915779113e1 -0.218588952924750017693483907444e0
0.999999999999976102791062166952e0 -0.215511302080982861137195117939e-12

5.128131901448097e+55 5.412983380566466e+54
1.006211328073806e+55 -2.658020427838061e+55
9.002384737871981e+55 1.468651504835102e+56
1.513955140181396e+56 8.217702755998439e+55
1.892615863660970e+00 -4.300112780507766e-02
-4.122764167701055e-01 5.747526729435023e-01
-4.819165481069898e-02 -1.003982415582093e+00

2.224448690859038e+00 8.772514164926526e-01
1.841027522573264e-01 1.664907459157555e-01
1.825903817557752e+00 1.197365080005368e-01
-1.798511836636283e-01 7.101386347464689e-01
1.825903817557752e+00 1.197365080005366e-01
-1.798511836636283e-01 7.101386347464690e-01
-9.275685404042374e+56 4.836193521818557e+56

3.572814906700175e-01 -1.521956077511544e-03
-3.756192506162258e-01 5.070048586689803e-01
7.250425815508189e-02 1.973184471969098e-02
1.953158080652512e+00 2.340534105426340e-03
7.250425815508187e-02 1.973184471969098e-02
1.953158080652512e+00 2.340534105426340e-03
-2.834622353233938e+57 -5.157299994618268e+57

-0.123786659111729398057e1 0.100816514841726517429e0
-0.551515406538366806345e0 0.379048087332848253182e0
-0.123786659111729398057e1 0.100816514841726517402e0
-0.551515406538366806345e0 0.379048087332848253128e0
-0.123786659111762444734e1 0.100816514842225312689e0
-0.551515406537868011004e0 0.379048087333178720010e0
0.100000000000210237101e1 0.404140982560984712846e-11

-0.123786659111726513776e1 0.100816514842699136902e0
-0.551515406537394186899e0 0.379048087332819410395e0
-0.123786659111726513776e1 0.100816514842699136956e0
-0.551515406537394186845e0 0.379048087332819410368e0
-0.123786659111763408232e1 0.100816514841901138733e0
-0.551515406538192185014e0 0.379048087333188355016e0
0.999999999998944682274e0 -0.120719895939456339784e-11

-0.123786659111811788911e1 0.100816514843255699565e0
-0.551515406536837624182e0 0.379048087333672161642e0
-0.123786659111811788900e1 0.100816514843255699538e0
-0.551515406536837624290e0 0.379048087333672161669e0
-0.123786659111734982663e1 0.100816514841715621821e0
-0.551515406538377701872e0 0.379048087332904099243e0
0.999999999997327750859e0 -0.246996405262305679384e-11

-6.729580845236001e-01 8.811289843170363e-01
3.757479167598518e-01 7.185965993668207e-01
-6.729580845236015e-01 8.811289843170320e-01
3.757479167598512e-01 7.185965993668234e-01
-6.729580845236018e-01 8.811289843170322e-01
3.757479167598514e-01 7.185965993668237e-01
9.368536892346485e-01 -4.335557568261645e+00

-0.166911824876496432062e57 -0.129257597545307983725e57
0.223939820359414674713e57 0.251585053987326850435e56
0.155107563612147012595e57 0.893928665850780722005e56
0.896306571146910834778e56 0.154970275185864196866e57
0.224877701130665690749e1 0.415444882475469359339e-1
-0.202724706724270920151e1 0.381905166033254992418e-1
0.612308693332025958398e0 0.740044374632749311742e0

2.817691056045086e-01 -1.092472730968717e-01
3.845237356431678e-01 1.115420161223970e+00
-1.242691862323481e-02 -3.574015575004512e-01
-1.123992292099560e+00 1.072742369919817e+00
-1.242691862323482e-02 -3.574015575004510e-01
-1.123992292099559e+00 1.072742369919817e+00
-4.319651338863495e+57 2.362602492257913e+56

0.925504425675921095875e0 0.212537245111156437779e0
-0.366080262092266434592e0 -0.729584969741652467371e0
0.925504425675921095929e0 0.212537245111156437806e0
-0.366080262092266434646e0 -0.729584969741652467480e0
0.925504425676264898064e0 0.212537245110610151726e0
-0.366080262092812720672e0 -0.729584969741996269561e0
0.999999999999845649997e0 -0.213548227495294340450e-12

0.925504425676472300194e0 0.212537245111171907094e0
-0.366080262092250965304e0 -0.729584969742203671744e0
0.925504425676472300194e0 0.212537245111171907094e0
-0.366080262092250965304e0 -0.729584969742203671690e0
0.925504425676081188517e0 0.212537245110605007973e0
-0.366080262092817864425e0 -0.729584969741812560122e0
0.999999999999451715492e0 -0.112576233870977787666e-11

0.925504425676584442856e0 0.212537245110828334078e0
-0.366080262092594538320e0 -0.729584969742315814461e0
0.925504425676584442911e0 0.212537245110828334078e0
-0.366080262092594538347e0 -0.729584969742315814461e0
0.925504425676043792704e0 0.212537245110719492702e0
-0.366080262092703379723e0 -0.729584969741775164255e0
0.999999999999969595718e0 0.654986590138684210416e-13

0.292962338002428810107e1 -0.239121552565961324808e0
0.285732813374579900463e1 0.234245640867221029450e0
0.292962338002308645877e1 -0.239121552566109405792e0
0.285732813374594708561e1 0.234245640866019386932e0
0.292962338002428810107e1 -0.239121552565961324808e0
0.285732813374579900463e1 0.234245640867221029341e0
0.526847391936881461408e-12 0.300955872748716880689e-12

0.292962338002312624422e1 -0.239121552566083664122e0
0.285732813374592134362e1 0.234245640866059172381e0
0.292962338002347320344e1 -0.239121552566067946226e0
0.285732813374590562594e1 0.234245640866406131279e0
0.292962338002312624443e1 -0.239121552566083664122e0
0.285732813374592134383e1 0.234245640866059172381e0
0.720778699714344280378e-14 -0.107884852865060421746e-12

0.292962338002335061964e1 -0.239121552566169481000e0
0.285732813374600716060e1 0.234245640866283547912e0
0.292962338002339950154e1 -0.239121552566040479807e0
0.285732813374587815984e1 0.234245640866332428896e0
0.292962338002335061986e1 -0.239121552566169481000e0
0.285732813374600716060e1 0.234245640866283548020e0
-0.208541203585149443856e-13 0.101120903243950072881e-12

8.722822031559831e-02 2.091677723142851e-01
-8.076559977757299e-01 1.257830822297172e+00
1.673491779845254e-01 2.541975109332521e-01
-1.040978579046542e+00 1.092083252480001e+00
1.673491779845254e-01 2.541975109332521e-01
-1.040978579046542e+00 1.092083252480001e+00
3.145487857416341e+56 9.766855039813907e+55

-0.278676325418756919762350629925e1 0.219941248528764752363267886681e0
0.272803057245361363158758780452e1 0.218588952924760296032530197686e0
-0.278676325418756919762350630495e1 0.219941248528764752363267893484e0
0.272803057245361363158758781129e1 0.218588952924760296032530203391e0
-0.278676325418755020678902700792e1 0.219941248528777069616037561436e0
0.272803057245362594884035747928e1 0.218588952924741305198050906104e0
0.999999999999925870641703740109e0 0.519677838582149082664652055846e-12

-0.278676325418756218079762861615e1 0.219941248528739824815742936004e0
0.272803057245358870404006285248e1 0.218588952924753279206652513956e0
-0.278676325418756218079762862761e1 0.219941248528739824815742952497e0
0.272803057245358870404006286894e1 0.218588952924753279206652525445e0
-0.278676325418754901061229727819e1 0.219941248528786124953959733512e0
0.272803057245363500417827965118e1 0.218588952924740109021321176277e0
0.100000000000030189599130973572e1 0.390150929666958758847846287952e-12

-0.278676325418753240585305238822e1 0.219941248528803497734162103456e0
0.272803057245365237695848201956e1 0.218588952924723504262076287263e0
-0.278676325418753240585305236217e1 0.219941248528803497734162083551e0
0.272803057245365237695848199961e1 0.218588952924723504262076261189e0
-0.278676325418758471310828635651e1 0.219941248528758732875206061291e0
0.272803057245360761209952597928e1 0.218588952924775811517310253514e0
0.100000000000025944791752531559e1 0.560403941314533992156348382133e-12

-0.776492365058244309446e-1 -0.542780358129016890099e0
0.489470145362848693969e0 0.262730407122781817083e-1
-0.776492365058445069130e-1 -0.542780358129015727835e0
0.489470145362847531759e0 0.262730407122581057535e-1
-0.776492365058244309717e-1 -0.542780358129016890045e0
0.489470145362848693942e0 0.262730407122781816948e-1
0.465156653257388237998e-13 -0.667230171935748357664e-13

-0.776492365058150575289e-1 -0.542780358129106514317e0
0.489470145362938318214e0 0.262730407122875551443e-1
-0.776492365058474712166e-1 -0.542780358128985814913e0
0.489470145362817618811e0 0.262730407122551414635e-1
-0.776492365058150575425e-1 -0.542780358129106514262e0
0.489470145362938318187e0 0.262730407122875551376e-1
0.326449421453807905904e-12 -0.747164451683921268283e-13

-0.776492365059389961352e-1 -0.542780358128978438923e0
0.489470145362810242821e0 0.262730407121636165110e-1
-0.776492365058061122783e-1 -0.542780358129028533401e0
0.489470145362860337325e0 0.262730407122965003882e-1
-0.776492365059389961216e-1 -0.542780358128978438923e0
0.489470145362810242793e0 0.262730407121636165178e-1
0.221312882295228452863e-12 0.424503465046111755871e-13

1.072446105228365e+00 1.548354591729157e+00
1.340729840352187e+00 1.584715909542082e+00
1.266803691094587e+00 3.512835287864252e-01
-3.358549607640746e-01 -9.406166671288363e-01
1.266803691094587e+00 3.512835287864253e-01
-3.358549607640744e-01 -9.406166671288363e-01
8.500673456789914e+57 6.946933788940387e+57

0.230584206294748472585381548440e1 0.159142088471777841421589458894e0
-0.210806156690891379469894491689e1 0.134646400087301646984744698710e0
0.230584206294748472585381548461e1 0.159142088471777841421589458162e0
-0.210806156690891379469894491613e1 0.134646400087301646984744698849e0
0.230584206294749375451479682149e1 0.159142088471778901616842555633e0
-0.210806156690891485489419801358e1 0.134646400087310675645726035695e0
0.999999999999988436431705748289e0 -0.124940063572695697117047561083e-12

0.230584206294747823703600112985e1 0.159142088471781266149884860924e0
-0.210806156690891721942724031893e1 0.134646400087295158166930344385e0
0.230584206294747823703600112924e1 0.159142088471781266149884859252e0
-0.210806156690891721942724031726e1 0.134646400087295158166930343817e0
0.230584206294749701658599723935e1 0.159142088471777165694053967759e0
-0.210806156690891311897140942574e1 0.134646400087313937716926453573e0
0.999999999999965226386442615775e0 -0.144361487824173367673012820126e-12

0.230584206294749110401777140414e1 0.159142088471769674579442613309e0
-0.210806156690890562785679807117e1 0.134646400087308025148700618257e0
0.230584206294749110401777140616e1 0.159142088471769674579442612406e0
-0.210806156690890562785679807026e1 0.134646400087308025148700620226e0
0.230584206294749130033005194226e1 0.159142088471782441767705962065e0
-0.210806156690891839504506141998e1 0.134646400087308221460981156491e0
0.999999999999917952213526865366e0 -0.227309956594018566829302615607e-12

3.193771038076180e-01 -4.292802505925311e-01
3.752249291990036e-01 7.154833488643804e-01
-1.186591270317386e+00 -6.775166244197783e-02
-7.026652536045149e-01 5.591701294313052e-01
-1.186591270317386e+00 -6.775166244197794e-02
-7.026652536045149e-01 5.591701294313052e-01
-1.071348051541663e+58 -3.224142850729919e+57

-0.189764806035074548715e1 -0.883429143840270930362e-1
-0.165438405116666919885e1 0.672907022089956139278e-1
-0.189764806035111376200e1 -0.883429143839205250699e-1
-0.165438405116656263088e1 0.672907022093638887287e-1
-0.189764806035074548726e1 -0.883429143840270930362e-1
-0.165438405116666919896e1 0.672907022089956140362e-1
0.617665287938300190927e-12 0.935494900376050445729e-12

-0.189764806035080131987e1 -0.883429143837305208076e-1
-0.165438405116637262662e1 0.672907022090514467618e-1
-0.189764806035108262892e1 -0.883429143840269678650e-1
-0.165438405116666907362e1 0.672907022093327557006e-1
-0.189764806035080132009e1 -0.883429143837305208618e-1
-0.165438405116637262684e1 0.672907022090514467076e-1
0.143687687126767518364e-11 0.316020529389205282112e-11

-0.189764806035120968928e1 -0.883429143837717657556e-1
-0.165438405116641387173e1 0.672907022094598160637e-1
-0.189764806035095741929e1 -0.883429143840104177357e-1
-0.165438405116665252360e1 0.672907022092075459622e-1
-0.189764806035120968961e1 -0.883429143837717658098e-1
-0.165438405116641387184e1 0.672907022094598160095e-1
0.326723487311455423057e-11 0.520646727015339389243e-13

0.325181894078364503331e3 -0.868322448575335206833e4
0.401104166278950777458e4 0.764447288367708583534e4
-0.206043041108040433373e2 -0.120952294947720679977e2
-0.117560979783620084427e2 -0.207299128732303877785e2
-0.206043041108040433391e2 -0.120952294947720679977e2
-0.117560979783620084419e2 -0.207299128732303877785e2
0.196090003534186539362e61 -0.167653149032168205376e61

-4.933807160852757e+53 -4.971396107229245e+53
-3.793008238793649e+53 1.567578444036159e+53
1.888438872208207e+00 -6.990750890395686e-02
-4.548238276408639e-01 5.967849684386071e-01
1.237949892855626e+53 -7.717760751329198e+52
1.457984093391656e+53 -4.940274067034334e+51
-7.849023404865605e-01 -1.748529805317935e+00

-0.776492365058447827882e-1 -0.542780358129076552010e0
0.489470145362908355907e0 0.262730407122578298783e-1
-0.776492365058447828017e-1 -0.542780358129076552010e0
0.489470145362908355907e0 0.262730407122578298783e-1
-0.776492365058383268657e-1 -0.542780358128994165493e0
0.489470145362825969363e0 0.262730407122642857737e-1
0.999999999998185719015e0 0.173722691234560328022e-11

-0.776492365058500968696e-1 -0.542780358129098965125e0
0.489470145362930769050e0 0.262730407122525158172e-1
-0.776492365058500968561e-1 -0.542780358129098965125e0
0.489470145362930769022e0 0.262730407122525158240e-1
-0.776492365058363636060e-1 -0.542780358128988672437e0
0.489470145362820476334e0 0.262730407122662490605e-1
0.100000000000005532044e1 0.409458166157616876291e-13

-0.776492365057605513518e-1 -0.542780358128991614419e0
0.489470145362823418316e0 0.262730407123420612944e-1
-0.776492365057605513654e-1 -0.542780358128991614474e0
0.489470145362823418371e0 0.262730407123420613011e-1
-0.776492365058655783551e-1 -0.542780358129024312656e0
0.489470145362856116607e0 0.262730407122370343250e-1
0.100000000000000843390e1 0.925193081868780353716e-14

0.614360484932962661158163366573e0 -0.218211712710070873133553430306e0
-0.111025501080238209605678008619e1 0.769640033346550969151007764456e0
0.614360484932962661158163369867e0 -0.218211712710070873133553430599e0
-0.111025501080238209605678008651e1 0.769640033346550969151007761200e0
0.614360484932952038129292652645e0 -0.218211712710079187968754687436e0
-0.111025501080239041089198134345e1 0.769640033346561592179878478485e0
0.999999999999802791555553803268e0 0.275664866227112752178965800155e-12

0.614360484932956203543605157560e0 -0.218211712710077821574506439460e0
-0.111025501080238904449773309545e1 0.769640033346557426765565973533e0
0.614360484932956203543605157522e0 -0.218211712710077821574506439507e0
-0.111025501080238904449773309555e1 0.769640033346557426765565973646e0
0.614360484932955729142398336601e0 -0.218211712710077442087140309126e0
-0.111025501080238866501036696515e1 0.769640033346557901166772794503e0
0.100000000000006910123675926172e1 0.211316679233381940396111064527e-12

0.614360484932963804881321900933e0 -0.218211712710074949022091591069e0
-0.111025501080238617194531824707e1 0.769640033346549825427849230147e0
0.614360484932963804881321900617e0 -0.218211712710074949022091593783e0
-0.111025501080238617194531824977e1 0.769640033346549825427849230475e0
0.614360484932955490031192534697e0 -0.218211712710079242793585374671e0
-0.111025501080239046571681203066e1 0.769640033346558140277978596433e0
0.100000000000017881910159757361e1 0.296594837854858849646246239417e-12

0.893284754156073011206018752900e0 0.980826400343922019592617270681e-1
-0.612167400838292801871960542679e0 0.903089250085089572424169315757e0
0.893284754156073011179710900038e0 0.980826400343922019410466903902e-1
-0.612167400838292801875008258950e0 0.903089250085089572372244733923e0
0.893284754156073011179662293660e0 0.980826400343922019533360232704e-1
-0.612167400838292801872622396903e0 0.903089250085089572371887870680e0
0.755607933775573865475030941985e0 -0.279162213991820234292923570894e0

0.230584206294751830948700679639e1 -0.159142088471754021057527651550e0
-0.210806156690888997433488310871e1 -0.134646400087335230617936012685e0
0.230584206294751830948700679730e1 -0.159142088471754021057527662216e0
-0.210806156690888997433488311937e1 -0.134646400087335230617936013537e0
0.230584206294748197293175899668e1 -0.159142088471775584969314484258e0
-0.210806156690891153824666994225e1 -0.134646400087298894062688211607e0
0.100000000000020259147873778851e1 0.277507585776677470737909857584e-12

0.230584206294747451419135440307e1 -0.159142088471776387278200231653e0
-0.210806156690891234055555569004e1 -0.134646400087291435322283617647e0
0.230584206294747451419135440469e1 -0.159142088471776387278200232613e0
-0.210806156690891234055555569095e1 -0.134646400087291435322283619326e0
0.230584206294749912079715744427e1 -0.159142088471778750578467391769e0
-0.210806156690891470385582284978e1 -0.134646400087316041928086658492e0
0.100000000000010185636203072053e1 -0.404738233817724690962121559776e-13

0.230584206294750138598822787750e1 -0.159142088471775997871681923023e0
-0.210806156690891195114903738093e1 -0.134646400087318307119157091831e0
0.230584206294750138598822786796e1 -0.159142088471775997871681922089e0
-0.210806156690891195114903738002e1 -0.134646400087318307119157082378e0
0.230584206294748844811313208835e1 -0.159142088471780464322312222786e0
-0.210806156690891641759966768074e1 -0.134646400087305369244061302606e0
0.100000000000087874832853840589e1 -0.390136625999545808084799172012e-12

-1.393400547030416e-01 -8.647662323834584e-01
-1.543594820546030e+00 1.047727328627840e+00
-2.053543069579083e-02 -7.257821561981099e-01
-1.192286498082159e+00 1.192607169975738e+00
-2.053543069579084e-02 -7.257821561981100e-01
-1.192286498082159e+00 1.192607169975738e+00
3.869573585522099e+55 5.566035188356365e+56

-0.776492365066285149372e-1 0.542780358129533168309e0
0.489470145363364972179e0 -0.262730407114740977225e-1
-0.776492365055763180537e-1 0.542780358128843591658e0
0.489470145362675395582e0 -0.262730407125262946128e-1
-0.776492365066285149575e-1 0.542780358129533168363e0
0.489470145363364972260e0 -0.262730407114740977090e-1
0.174965664945651063082e-11 0.819586986266290662940e-12

-0.776492365049468629272e-1 0.542780358129241522153e0
0.489470145363073326050e0 -0.262730407131557497325e-1
-0.776492365061368683849e-1 0.542780358128940803230e0
0.489470145362772607155e0 -0.262730407119657442680e-1
-0.776492365049468629475e-1 0.542780358129241522207e0
0.489470145363073326104e0 -0.262730407131557497325e-1
0.961108202525423708415e-13 -0.698050574044464303213e-12

-0.776492365062705932303e-1 0.542780358130119391816e0
0.489470145363951195767e0 -0.262730407118320194362e-1
-0.776492365056956249618e-1 0.542780358128648173052e0
0.489470145362479976949e0 -0.262730407124069876911e-1
-0.776492365062705932032e-1 0.542780358130119391707e0
0.489470145363951195658e0 -0.262730407118320194362e-1
0.230522101665760702283e-11 -0.438520750072177673883e-12

-0.189353636768529314238359751371e1 0.120603089744902654520726864514e0
-0.121344116159150559783050432505e1 0.323181447466725952307015811732e0
-0.189353636768529313047732329256e1 0.120603089744902585763717877416e0
-0.121344116159150550968116089078e1 0.323181447466726042113945194828e0
-0.189353636768529326573033113548e1 0.120603089744902544008149892384e0
-0.121344116159150538294240253096e1 0.323181447466725938446741800684e0
0.519819527829632504730610145005e0 0.374377237004183107041229643728e0

-4.803060906810026e+56 -2.744878296010842e+56
6.093392649199055e+56 5.197817152161534e+56
-2.030367197956725e+56 1.174093559141480e+55
-1.817054250398227e+56 -9.135041141147423e+55
6.736079486946703e-01 -1.013922474541349e+00
-8.114637110749914e-01 -1.528843669797079e+00
2.773613415056225e-02 8.517682937672237e-01

0.925504425676177884657914355000e0 -0.212537245110748553433141731588e0
-0.366080262092674318975988015623e0 0.729584969741909256195243740947e0
0.925504425676179262521320110998e0 -0.212537245110746003694793795279e0
-0.366080262092676868714335951929e0 0.729584969741910634058649496945e0
0.925504425676177884657914354735e0 -0.212537245110748553433141731666e0
-0.366080262092674318975988015541e0 0.729584969741909256195243740694e0
0.972165060820521163385733113419e-13 -0.931439741933838854398128755700e-13

0.925504425676170570257832052549e0 -0.212537245110744019009550338865e0
-0.366080262092678853399579408349e0 0.729584969741901941795161438370e0
0.925504425676181902581197397756e0 -0.212537245110746326604670459144e0
-0.366080262092676545804459288074e0 0.729584969741913274118526783690e0
0.925504425676170570257832052713e0 -0.212537245110744019009550337360e0
-0.366080262092678853399579409851e0 0.729584969741901941795161438559e0
0.454096009995083834275360928882e-13 -0.173913420735482035763927318463e-12

0.925504425676144884251304552468e0 -0.212537245110725026072102360076e0
-0.366080262092697846337027389145e0 0.729584969741876255788633936989e0
0.925504425676191732552995038033e0 -0.212537245110755429906777779658e0
-0.366080262092667442502351967758e0 0.729584969741923104090324423816e0
0.925504425676144884251304526329e0 -0.212537245110725026072102291546e0
-0.366080262092697846337027457669e0 0.729584969741876255788633910837e0
0.160429075275069508198411094580e-11 -0.127885548303138285986809939169e-11

-0.660120093596109535147e-1 0.663351065344495130710e0
0.169781625969638955338e1 -0.153197139333919522645e-2
-0.660120093593053695671e-1 0.663351065345187138197e0
0.169781625969569754573e1 -0.153197139303361124494e-2
-0.660120093596109535554e-1 0.663351065344495130765e0
0.169781625969638955338e1 -0.153197139333919511803e-2
0.520821556824113165863e-12 0.581451087513747420166e-12

-0.660120093595119838948e-1 0.663351065346353823923e0
0.169781625969453086006e1 -0.153197139324022551165e-2
-0.660120093593384112585e-1 0.663351065344567407476e0
0.169781625969631727645e1 -0.153197139306665290246e-2
-0.660120093595119839083e-1 0.663351065346353823869e0
0.169781625969453086016e1 -0.153197139324022556586e-2
-0.219845629037388626848e-12 0.575938537310518680596e-12

-0.660120093590448489784e-1 0.663351065345041768207e0
0.169781625969584291588e1 -0.153197139277309050042e-2
-0.660120093594939895607e-1 0.663351065345004894057e0
0.169781625969587978992e1 -0.153197139322223117083e-2
-0.660120093590448489784e-1 0.663351065345041768207e0
0.169781625969584291610e1 -0.153197139277309055463e-2
0.190287245232615925453e-13 0.517289380680977978225e-12

0.614360484931963601602e0 0.218211712709988254691e0
-0.111025501080229947759e1 -0.769640033347550028733e0
0.614360484933286644189e0 0.218211712710107292215e0
-0.111025501080241851507e1 -0.769640033346226986092e0
0.614360484931963601602e0 0.218211712709988254691e0
-0.111025501080229947759e1 -0.769640033347550028733e0
-0.147613348612547039021e-11 -0.852418723722289436447e-12

0.614360484932726175363e0 0.218211712709294336027e0
-0.111025501080160555892e1 -0.769640033346787454864e0
0.614360484933032457056e0 0.218211712710338616059e0
-0.111025501080264983903e1 -0.769640033346481173334e0
0.614360484932726175363e0 0.218211712709294336068e0
-0.111025501080160555903e1 -0.769640033346787454972e0
-0.242125998984803362868e-12 -0.361577685091417370148e-12

0.614360484933945725323e0 0.218211712708625931839e0
-0.111025501080093715479e1 -0.769640033345567904958e0
0.614360484932625939192e0 0.218211712710561433131e0
-0.111025501080287265603e1 -0.769640033346887691089e0
0.614360484933945725323e0 0.218211712708625931852e0
-0.111025501080093715468e1 -0.769640033345567904849e0
0.142821942258695963736e-11 0.439929188720473472241e-12

-0.278676325418775803763462870980e1 0.219941248529655626856475431807e0
0.272803057245450450608079523663e1 0.218588952924949136043651666170e0
-0.278676325418750096071229438470e1 0.219941248528492434942709320519e0
0.272803057245334131416702922524e1 0.218588952924692059121318178088e0
-0.278676325418775803763462999994e1 0.219941248529655626856474139615e0
0.272803057245450450608079394447e1 0.218588952924949136043652956318e0
-0.586575626571060367036561719597e-12 0.221748669803551519653242616133e-11

-0.278676325418759742899741347568e1 0.219941248529461110069743636394e0
0.272803057245430998929406328133e1 0.218588952924788527406436933717e0
-0.278676325418754338037567281754e1 0.219941248528596691648017163638e0
0.272803057245344557087233705250e1 0.218588952924734478784696674889e0
-0.278676325418759742899741416690e1 0.219941248529461110069743396000e0
0.272803057245430998929406304096e1 0.218588952924788527406437624911e0
-0.171251645575364615622258738104e-12 0.814244445263563467910962434530e-12

-0.278676325418732775294167068758e1 0.219941248529987168168429406819e0
0.272803057245483604739274747254e1 0.218588952924518851350693253966e0
-0.278676325418761128064698812509e1 0.219941248528381330623443287983e0
0.272803057245323020984776300211e1 0.218588952924802379056011876136e0
-0.278676325418732775294167954751e1 0.219941248529987168168431266461e0
0.272803057245483604739274933213e1 0.218588952924518851350702113871e0
0.410716311991573726375201000054e-11 0.471410090746681549970404457719e-11

0.925504425676336326930e0 0.212537245110250025843e0
-0.366080262093172846609e0 -0.729584969742067698372e0
0.925504425676126502096e0 0.212537245110912273227e0
-0.366080262092510599198e0 -0.729584969741857873539e0
0.925504425676336326821e0 0.212537245110250025789e0
-0.366080262093172846528e0 -0.729584969742067698372e0
-0.629767192985033459309e-12 0.541849204877872587008e-12

0.925504425676298582437e0 0.212537245110769045607e0
-0.366080262092653826832e0 -0.729584969742029954042e0
0.925504425676139128444e0 0.212537245110739378054e0
-0.366080262092683494371e0 -0.729584969741870500049e0
0.925504425676298582383e0 0.212537245110769045620e0
-0.366080262092653826804e0 -0.729584969742029953933e0
0.126228337709582697993e-12 0.152705055824529344965e-12

0.925504425675442653990e0 0.212537245110620286415e0
-0.366080262092802586038e0 -0.729584969741174025541e0
0.925504425676424384638e0 0.212537245110788866110e0
-0.366080262092634006234e0 -0.729584969742155756243e0
0.925504425675442653882e0 0.212537245110620286360e0
-0.366080262092802586010e0 -0.729584969741174025433e0
-0.381329661057195896337e-12 -0.325361458850920239902e-12

-3.490665859051233e+56 3.908319724193805e+56
-5.575430131154267e+56 1.628577567047922e+56
1.831057862761367e+00 2.768808594939368e+00
-3.253252228473545e+00 -1.784597704602531e+00
-1.999109524058978e+56 -5.883916659857649e+56
-4.673237962711318e+56 -4.096066539157717e+56
-1.003356031110868e-01 -6.546153624892279e-01

0.381936316573011988866e1 0.286138274654413094720e0
-0.338783101871784386987e1 0.126984478118616745692e1
0.381936316573012089523e1 0.286138274654413979348e0
-0.338783101871784460518e1 0.126984478118616781177e1
0.381936316573012109429e1 0.286138274654413409383e0
-0.338783101871784438942e1 0.126984478118616783899e1
-0.267543541508558324014e0 0.108109788513502019065e1

0.230584206294749593808193193101e1 -0.159142088471784878053118234910e0
-0.210806156690892083133047369287e1 -0.134646400087312859212861145112e0
0.230584206294749006713307738689e1 -0.159142088471776878705876730475e0
-0.210806156690891283198323218846e1 -0.134646400087306988264006601032e0
0.230584206294749593808193192955e1 -0.159142088471784878053118236987e0
-0.210806156690892083133047369494e1 -0.134646400087312859212861143680e0
0.113497164624783264339976434809e-12 -0.320482588603153535559215091951e-12

0.230584206294747764720864628927e1 -0.159142088471796892938338815056e0
-0.210806156690893284621569427241e1 -0.134646400087294568339575503977e0
0.230584206294749888016517177171e1 -0.159142088471777395246028301628e0
-0.210806156690891334852338375943e1 -0.134646400087315801296100986067e0
0.230584206294747764720864627948e1 -0.159142088471796892938338807622e0
-0.210806156690893284621569426499e1 -0.134646400087294568339575494176e0
0.365193657211924955487737573136e-13 -0.588760447472175527887392334757e-12

0.230584206294759337247263043991e1 -0.159142088471861174816767184660e0
-0.210806156690899712809412270863e1 -0.134646400087410293603559760279e0
0.230584206294743929265473804754e1 -0.159142088472123735555055695074e0
-0.210806156690925968883241112163e1 -0.134646400087256213785667155021e0
0.230584206294759337247264315049e1 -0.159142088471861174816758219931e0
-0.210806156690899712809411374394e1 -0.134646400087410293603572470842e0
0.193766121586414017916755072009e-10 -0.938848551261972182792698429552e-11

4.285926868718109e+60 1.739913123367348e+60
-1.675177259297766e+60 -1.498411060733502e+60
-1.091164088423508e+00 5.182757252000925e-02
-4.715977679749624e-01 1.120231570755770e-01
2.969038253930793e+60 1.554696700133813e+60
-3.348610902778767e+60 1.381122894696768e+59
-3.584790616222999e-02 8.344157599744085e-01

0.175881455385994431581938974760e1 -0.754237627687172478993514055725e-2
-0.341593252587116450960143757992e0 0.747242707454668935051870145677e0
0.175881455385994431581938950647e1 -0.754237627687172478993494241432e-2
-0.341593252587116450960143559824e0 0.747242707454668935051870386740e0
0.175881455386005872992197521221e1 -0.754237627676497540320301355802e-2
-0.341593252587009701573411650073e0 0.747242707454554520949284684445e0
0.999999999999460116721108951421e0 0.178465731165736493153848882116e-11

0.175881455386005383920522019926e1 -0.754237627671853766429701350079e-2
-0.341593252586963263834505650575e0 0.747242707454559411666039727314e0
0.175881455386005383920522019779e1 -0.754237627671853766429701879562e-2
-0.341593252586963263834505655858e0 0.747242707454559411666039728703e0
0.175881455386002120508231649375e1 -0.754237627672682243106262326947e-2
-0.341593252586971548601271260661e0 0.747242707454592045788943433656e0
0.100000000000010759712541449650e1 0.196924340212444974737660771564e-12

0.175881455386006803049171315414e1 -0.754237627671476399746876885177e-2
-0.341593252586959490167677405011e0 0.747242707454545220379546770953e0
0.175881455386006803049171315225e1 -0.754237627671476399746877400776e-2
-0.341593252586959490167677410161e0 0.747242707454545220379546772834e0
0.175881455386001551885493059485e1 -0.754237627672909836536335166133e-2
-0.341593252586973824535571988982e0 0.747242707454597732016329332334e0
0.100000000000007484788324774697e1 0.999450285516019050920632101365e-13

-1.361950610893810e+52 2.614444059687771e+52
4.465759971915760e+52 -4.703980050746660e+52
2.188779033669074e+00 -2.133210021076803e-02
-2.058563512665420e+00 -9.516500390366223e-03
-3.076064179026107e+52 5.090286837065096e+52
5.209093141240480e+52 -2.870285623934859e+52
1.622576697229702e-01 1.094152972850961e+00

-0.776492365057295732156e-1 0.542780358128886958281e0
0.489470145362718762124e0 -0.262730407123730394373e-1
-0.776492365057295731885e-1 0.542780358128886958227e0
0.489470145362718762124e0 -0.262730407123730394509e-1
-0.776492365058759655675e-1 0.542780358129058987068e0
0.489470145362890791019e0 -0.262730407122266470854e-1
0.999999999999985799716e0 0.320701500295186847644e-12

-0.776492365057979177630e-1 0.542780358128636230294e0
0.489470145362468034164e0 -0.262730407123046948967e-1
-0.776492365057979177563e-1 0.542780358128636230186e0
0.489470145362468034110e0 -0.262730407123046948967e-1
-0.776492365058531551329e-1 0.542780358129142572387e0
0.489470145362974376257e0 -0.262730407122494575200e-1
0.100000000000048384951e1 -0.445309303212342022515e-12

-0.776492365057603380689e-1 0.542780358129046133688e0
0.489470145362877937585e0 -0.262730407123422745773e-1
-0.776492365057603380757e-1 0.542780358129046133688e0
0.489470145362877937585e0 -0.262730407123422746044e-1
-0.776492365058657243158e-1 0.542780358129005898946e0
0.489470145362837702816e0 -0.262730407122368883507e-1
0.999999999999881429916e0 0.110207795580435918836e-13

-0.959466217998754771553e0 0.152917222773199508923e0
-0.112406903471559645570e1 0.684072188520253522258e0
-0.959466217998754771553e0 0.152917222773199508977e0
-0.112406903471559645570e1 0.684072188520253522421e0
-0.959466217998483428871e0 0.152917222773874131051e0
-0.112406903471627107774e1 0.684072188520524864994e0
0.999999999999879478569e0 0.499281144856686398548e-12

-0.959466217998699441192e0 0.152917222773623046403e0
-0.112406903471601999321e1 0.684072188520308852727e0
-0.959466217998699441246e0 0.152917222773623046403e0
-0.112406903471601999321e1 0.684072188520308852727e0
-0.959466217998500834978e0 0.152917222773732992472e0
-0.112406903471612993912e1 0.684072188520507458833e0
0.999999999999624365635e0 -0.824911062309759135491e-12

-0.959466217998180308007e0 0.152917222773667243389e0
-0.112406903471606419017e1 0.684072188520827986075e0
-0.959466217998180307953e0 0.152917222773667243389e0
-0.112406903471606419028e1 0.684072188520827986020e0
-0.959466217998674884772e0 0.152917222773718225123e0
-0.112406903471611517196e1 0.684072188520333409310e0
0.100000000000009366791e1 -0.100576936102464431499e-12

-0.150873953792027281717e1 0.256895392154285496242e-1
-0.516686526446584445396e0 0.374520214732985676302e0
-0.150873953792011549586e1 0.256895392154720539411e-1
-0.516686526446627949550e0 0.374520214733142997506e0
-0.150873953792027281717e1 0.256895392154285495971e-1
-0.516686526446584445396e0 0.374520214732985676302e0
0.874825362793593872080e-12 -0.109833811317883748687e-11

-0.150873953791997593313e1 0.256895392158544523048e-1
-0.516686526447010347981e0 0.374520214733282560103e0
-0.150873953792021443321e1 0.256895392153300108798e-1
-0.516686526446485906651e0 0.374520214733044060047e0
-0.150873953791997593345e1 0.256895392158544522371e-1
-0.516686526447010348090e0 0.374520214733282560157e0
-0.177194552097132387703e-11 -0.120446059426419217030e-11

-0.150873953791974779889e1 0.256895392164360122786e-1
-0.516686526447591908009e0 0.374520214733510694482e0
-0.150873953792029058313e1 0.256895392151362152709e-1
-0.516686526446292111042e0 0.374520214732967910240e0
-0.150873953791974779889e1 0.256895392164360122651e-1
-0.516686526447591908009e0 0.374520214733510694482e0
-0.517280342715278313264e-11 -0.970675890551473784517e-12

0.175881455386073520331e1 0.754237627593843637562e-2
-0.341593252586183162558e0 -0.747242707453878047489e0
0.175881455386073520342e1 0.754237627593843637562e-2
-0.341593252586183162558e0 -0.747242707453878047543e0
0.175881455385979585174e1 0.754237627698533559658e-2
-0.341593252587230061671e0 -0.747242707454817399167e0
0.999999999999088961015e0 -0.467801958194818956471e-12

0.175881455386032810632e1 0.754237627674919201305e-2
-0.341593252586993918182e0 -0.747242707454285144588e0
0.175881455386032810610e1 0.754237627674919208082e-2
-0.341593252586993918155e0 -0.747242707454285144588e0
0.175881455385993152782e1 0.754237627671512541857e-2
-0.341593252586959851601e0 -0.747242707454681722975e0
0.999999999999684648035e0 -0.208938416698320472698e-12

0.175881455386086847138e1 0.754237627619933629275e-2
-0.341593252586444062475e0 -0.747242707453744779581e0
0.175881455386086847138e1 0.754237627619933634696e-2
-0.341593252586444062448e0 -0.747242707453744779472e0
0.175881455385975145897e1 0.754237627689839651435e-2
-0.341593252587143122697e0 -0.747242707454861791825e0
0.100000000000105367787e1 -0.120931030760020735704e-11

3.171606007313029e+54 -5.058549162129964e+53
3.511164998172163e+54 7.460727890861165e+53
-7.582983296760201e-01 2.380579789499569e+00
-1.090992122837710e+00 -2.526253464651330e+00
3.102146885035450e+54 -8.961525002936322e+53
3.134614258858280e+54 7.749826115984975e+53
3.258747644034410e-01 1.352813304046271e-02

0.238123441641402273356438713763e0 -0.363667213797861987501152354070e0
-0.101280975878370569515359525035e1 -0.113039228734497430195870708096e1
0.238123441641402261139807950059e0 -0.363667213797861988885039042863e0
-0.101280975878370567697033724796e1 -0.113039228734497429107292224564e1
0.238123441641402265326646866667e0 -0.363667213797861991489495080107e0
-0.101280975878370567488676873433e1 -0.113039228734497429221891498917e1
0.174180610901875680256108468656e1 -0.213079985844680615433473437760e0

0.253273943987039747280e1 -0.188414649946741449049e0
-0.183483942504395956406e1 0.303262851354424960572e0
0.238205808199814954122e1 0.112928433333980181015e0
-0.205688053450816016321e1 0.230387731827292441050e0
0.238205808199814954101e1 0.112928433333980180906e0
-0.205688053450816016321e1 0.230387731827292441104e0
0.522853645436503354248e55 0.123909533181223111246e57

0.867448894292314300395e0 -0.289180448680052601217e0
-0.130791518876260744392e1 0.511158254407587356381e0
0.867448894292314275621e0 -0.289180448680052573244e0
-0.130791518876260747244e1 0.511158254407587375680e0
0.867448894292314473162e0 -0.289180448680052591622e0
-0.130791518876260774631e1 0.511158254407587459922e0
-0.143183417279965933253e0 0.299914431368780393474e0

0.614360484933078166694e0 0.218211712710317294126e0
-0.111025501080262851712e1 -0.769640033346435463695e0
0.614360484933078166640e0 0.218211712710317294139e0
-0.111025501080262851701e1 -0.769640033346435463641e0
0.614360484932915149959e0 0.218211712709997576458e0
-0.111025501080230879934e1 -0.769640033346598480377e0
0.100000000000011283899e1 0.886950872447909988150e-12

0.614360484933193388328e0 0.218211712710562498848e0
-0.111025501080287372169e1 -0.769640033346320241953e0
0.614360484933193388328e0 0.218211712710562498834e0
-0.111025501080287372169e1 -0.769640033346320242007e0
0.614360484932876779285e0 0.218211712709915865304e0
-0.111025501080222708822e1 -0.769640033346636851051e0
0.100000000000026032496e1 0.295721319610794952659e-12

0.614360484932656496346e0 0.218211712709771802238e0
-0.111025501080208302519e1 -0.769640033346857133935e0
0.614360484932656496400e0 0.218211712709771802306e0
-0.111025501080208302529e1 -0.769640033346857134044e0
0.614360484933055508061e0 0.218211712710179427181e0
-0.111025501080249065018e1 -0.769640033346458122274e0
0.100000000000063833530e1 -0.203322723783296022138e-12

